74.6949681328681 17.323371620430436
75.00196751917932 17.273024232509698
75.29033912405362 17.20411669255905
75.60841145587005 17.153294622800956
75.88664735973745 17.062402520596333
76.12337649548058 16.99582674515782
76.45864811212175 16.94293814731317
76.72623062905762 16.896229853496294
77.09028743579623 16.866397721452234
77.36237109379442 16.91953235687994
77.7669061171946 16.84193823957441
78.18009380544177 16.763050599119833
78.58766984028901 16.65563238740207
79.04495024975623 16.629442762695646
79.50428194683445 16.60745002934054
80.14874188692329 16.804120339144493
80.43895561205844 16.67633560352274
80.72344635445685 16.47144309256749
80.66573303318026 16.225444582869805
80.58220034112551 16.008944214702787
80.48649320719178 15.825605576793393
80.33812386542962 15.603426314620979
80.07265977468958 15.513850365045968
79.75848804869145 15.39294925150411
79.23642563378678 15.386999438212428
78.79738503255106 15.373640466868869
78.03146463267072 15.300302536834925
77.46655783379398 15.240601517000382
77.15075941210182 15.13953706666668
76.77857805497615 14.966955018849436
76.29381285236624 14.77018551235246
76.18738001308552 14.571803482412195
76.31179779305936 14.403895132640429
76.78001379022695 14.242760149867673
77.07512882352796 14.014920633195525
77.3565765222524 13.831674029339922
77.53901376113467 13.66753971810714
77.77812603123235 13.29321364652522
78.10902499501253 13.051648345511646
78.53294320571695 12.828723033291602
78.85867881459146 12.62827938024604
79.14271653058992 12.350703581245204
79.19852100139335 12.069293260877343
79.22095948349445 11.78157742180636
79.21908781846051 11.375872110769182
79.70971574328522 11.057560449817379
79.96030777986974 10.744041985757868
80.32008068640377 10.43793327375866
80.64544057660567 10.114670949904745
81.08028584752216 9.790141182166817
81.28753901450492 9.491314258908899
81.64248500795404 9.127830434367079
81.796832159032 8.737668410614823
81.89581482848385 8.33748849798807
81.93705509327629 7.931560326449828
81.91078094391327 7.4571025263183905
81.6981486010182 7.136591547968418
81.56810757316683 6.746329432847286
81.41861377951952 6.430016484183479
81.09696157315801 6.147762330033608
80.7020458363001 5.823553551374971
80.27127144274252 5.5195049666169105
79.86642246271794 5.28548546444172
79.3192526037804 4.968002685758016
78.92926292783821 4.68964186257195
78.58401323723515 4.469391301626029
78.22259155391444 4.259367264539641
77.77030493543651 4.020161840036831
77.49084097184513 3.8025563589387765
77.19522911419037 3.5941063981001875
76.98823803060566 3.366404750566616
76.66365189150005 3.1758576305546207
76.24227756391781 2.9635563220607395
75.9034204390774 2.7355873875870103
75.64001412634133 2.598790480855236
75.46030302551068 2.4408395745107825
75.27318399571573 2.2881978485712082
75.06066276051308 2.0440302222280238
74.72533056266394 1.7456523770397432
74.19264121414105 1.6217564626397092
73.34230772817537 1.506592828241331
72.59369620911241 1.4525759944296404
72.1729210535614 1.395554729329838
71.50174350167356 1.2824036761933897
70.84174989419276 1.2084367968368142
70.10525616448749 1.1162475783272008
69.21333742473587 1.0233696313694516
68.72769512465982 0.9848110459151158
68.066194425519 0.9774299015825285
67.0219784898186 0.878084194590592
66.85200111264018 0.7282828932834562
66.66814724773033 0.6138126459629731
66.58959212776787 0.4574354185753471
66.42700222583363 0.3190692627412517
66.28303230552334 0.15552666127394588
66.06432789922437 0.009395330118987744
65.91678046559363 23.88182129971532
65.68276056304703 23.79541097120249
65.47086740167933 23.683740250416815
65.32492591901655 23.588336744361175
65.16664872815787 23.5195295687216
64.89858539490893 23.422584491627582
64.56431582595667 23.336547207214448
64.29179465830504 23.264838458033665
63.91906412475399 23.16437413596606
63.55605002786879 23.063768235343044
63.177223623168686 22.986051341742204
62.804081693266966 22.907481555262258
62.415932824640606 22.790874768555916
61.99031829242895 22.65927935911982
61.71240090960518 22.571305708450105
61.46969160559709 22.461821946379374
61.30845559301844 22.346702125119357
60.98954700622028 22.209720770893625
60.797743604885966 22.08281403632506
60.62030267408275 21.99121518876069
60.48815182191632 21.914620853886348
60.588402653739934 21.825553607558916
60.61181508745969 21.71095533786243
60.64255486782497 21.599490351739927
60.681614898889535 21.491137488404718
60.800902563962154 21.412190644479303
60.88458312890202 21.35111148259636
61.086042125284564 21.273274553397457
61.21800520420069 21.200281900914398
61.34335791251783 21.156090272956817
61.656230301694166 21.09432125663637
62.05085320472463 21.069934471193186
63.240945100166414 20.904784403780802
63.29985185573565 20.83588070502921
63.57630353896465 20.77520961904989
63.61456800587828 20.689470953350757
63.528857258135076 20.63842106369635
63.35370730889238 20.567666669202666
63.08444857981135 20.51771141100555
62.800675457802214 20.456381781908505
62.587131376043516 20.394054994939754
62.448372853955874 20.331433793396883
62.32652559105091 20.279011588314987
62.0565832065478 20.214502773820186
61.73688004975361 20.17966353381786
61.40299371071228 20.133287769290405
61.06339428833846 20.085852569982976
60.730178217923964 20.059157737510027
60.29954460964129 20.019422054613976
59.948462289399856 19.991322475282832
59.4118773438756 19.95939104794832
58.762940093658386 19.924751892751566
58.18282814050647 19.890788318539624
57.67529600985574 19.846006097088367
56.96451024706954 19.832084218088145
56.33281844459316 19.81989125811277
55.67985128233619 19.807460031150125
54.90064467605504 19.80521818111705
54.342936377767444 19.82001068993847
53.519566313440635 19.818147291413645
50.45460339976657 19.792897387688527
50.93708311391924 19.76134841676379
51.52241429143763 19.706288066432936
51.86594949055629 19.66083845418734
52.36708379068645 19.6445274619372
52.71955157145317 19.600341532991827
53.33176073329162 19.562056919477804
54.18628955942077 19.530120652428746
55.25693083822716 19.504983177360046
55.94735466711009 19.49719459412278
56.400168366941216 19.484298157152903
56.959533700209306 19.46280097099315
57.501344296584676 19.453764614276036
57.967910754532426 19.395931094517735
58.31647289097762 19.359190412469175
58.42779154450889 19.26723242551352
58.61077898722908 19.213276250285727
58.72392202955098 19.14432118427565
58.82940731315648 19.086748086323595
58.79461577765824 18.99763205091736
58.72342333406661 18.930752047007843
58.661025191291515 18.863001624802006
58.327401539878196 18.768279619529565
58.17658645385515 18.693117066517388
58.38983023106218 18.619401748055232
58.68310579353249 18.5628941117156
59.12734558551446 18.499575823032405
59.75354940211486 18.490736314682994
60.24101285363744 18.519064049043056
60.673667020635776 18.559180786070062
61.13153906947841 18.587322592242202
62.20173263055227 18.61583601275387
62.397412928316044 18.560122947819377
62.64236321254555 18.493029527564506
62.7731186220644 18.430470957418073
62.86729477619488 18.37862791136484
63.01284779492295 18.31482938162126
63.08470982483075 18.24321895125277
63.065617226645145 18.19385107479866
62.94937966672421 18.08542296420059
63.233068310941775 17.992915422647393
63.55923108036217 17.91969635412469
64.03285802280757 17.8424685598729
64.42166086431146 17.811217967845472
64.8672122098487 17.76865384925222
65.23707043714845 17.71755205081366
65.81785771031488 17.674591224530342
66.38517629148816 17.611533260336493
66.8246076758272 17.551049401059753
67.2055817630285 17.50298022598827
67.71699859026245 17.43205739624383
68.36103977091616 17.386190135072404
69.7128197926252 17.268525130215266
70.21290877626649 17.25421247070517
70.74012164197526 17.281016779082755
71.13439635387502 17.306771747275093
71.58252214368363 17.386689488886695
72.595960588416 17.328167143146867
72.96980430603085 17.340315900559176
73.46651595034717 17.339142248966667
73.95407590873546 17.34233579889439
74.36646715538544 17.35694009891462
@51.57628384026657 9.92597607763355
51.658463460081066 9.919976906522194
51.76700245029551 9.921889211230559
51.893428887715515 9.924127727118854
51.98115033070164 9.927555256414628
52.06874983252962 9.93098947610988
52.15376367439541 9.936256351682134
52.25659001609395 9.941857671911855
52.336341547725 9.950800551296194
52.45169860828565 9.960415443103226
52.54890611154184 9.969719980622335
52.61022339322267 9.978374293163439
52.704495179797476 9.98954123216829
52.803602708472965 9.997060787021098
52.9405356598912 10.003439574085279
53.099971889288696 10.006504378553409
53.22372605794388 10.008898210201108
53.36488936395682 10.01164490134663
53.503179610860855 10.016247229152597
53.64116539903699 10.020865556221812
53.763929247525965 10.023302960001956
53.86115350795296 10.030947387948004
53.973004090786105 10.040810691495443
54.02963433102994 10.051481408258084
54.092910026427774 10.06992561507953
54.161202007461014 10.084685421395506
54.1972196500119 10.096882238193833
54.23310216295559 10.109085495248033
54.23691410559451 10.118707990414679
54.220629761917905 10.12981070731215
54.186963756317255 10.140537330894091
54.16507930069514 10.15532358710392
54.145840187927064 10.16825383330658
54.12928261449616 10.17933113215048
54.10433065947532 10.195937043580162
54.03233664650253 10.196267089788327
53.965824887485354 10.192913790242258
53.879111397515686 10.191030867887545
53.774905651446176 10.188778041597203
53.717217213691356 10.191331411506663
53.665818616631924 10.201606831344023
53.666542840270864 10.21300374407402
53.73386315261192 10.227754696708255
53.76625725343263 10.241755240481625
53.734828034422804 10.250551063346226
53.64244201660998 10.252301640620132
53.53820609934297 10.250004654658072
53.43380708722535 10.24771506020736
53.294354869304726 10.244673709433552
53.102135354782206 10.240513073871679
52.95920876939624 10.239326425220995
52.81878740876655 10.236326691413906
52.672526356566976 10.236979276358477
52.540860139421994 10.23982581595055
52.406219181653626 10.244485905274269
52.29184486220805 10.247698271525085
52.15961214204597 10.250536858358819
52.083168532739734 10.252675343220986
52.021628750439874 10.256992013713202
51.91232140053242 10.256578824829887
51.81788100279803 10.258344660111419
51.687710854728095 10.259373021164441
51.580718418524555 10.257166350588964
51.473564675542406 10.254966654388582
51.3483482679859 10.252409119089677
51.26152246667502 10.248789534386747
51.19800446245446 10.24194345887545
51.14256355657636 10.229711717779335
51.08788912963283 10.204546486878673
51.10405390682786 10.19375414176594
51.14084840195474 10.181510462376812
51.195577311257495 10.169609376898983
51.24491060891856 10.161301862605846
51.332844788706865 10.151883724304543
51.36408731284553 10.143209951390265
51.415918619757775 10.13307296995692
51.465061098140495 10.124734048344587
51.5014235068401 10.112424790527477
51.537709572205955 10.100106401932413
51.571320662553745 10.089589518218407
51.61263795632428 10.073630449993704
51.66409757094053 10.063436251000597
51.67952364438415 10.052555596358252
51.69744215582631 10.039856164113537
51.69472801502053 10.02863146950417
51.67138574753639 10.018887951554616
51.62992829832734 10.008815808782405
51.59086969567031 9.996935196258379
51.55167696688048 9.985061235541387
51.49425329564997 9.97286874638769
51.42099457741375 9.958550561748346
51.41761341061391 9.947344405224563
51.452881634807994 9.93496095600636
51.57628384026657 9.92597607763355
@49.989224466169645 12.199229059230607
49.98531109244661 12.099095585132781
49.98132406314616 11.998988210248799
49.981234058905954 11.994372767283718
50.102377269301115 11.983096126685256
50.252128208641295 11.966593967931361
50.36022511333459 11.95226346984052
50.49284866509049 11.942327302979896
50.625297899029874 11.932377225840368
50.79883998728704 11.920197023574211
50.97207944240702 11.907995715897588
51.13667483011591 11.899109434009144
51.35035088810869 11.88464419103021
51.52262192552797 11.872380463683069
51.70290429123176 11.856739287000716
51.79292406090619 11.848905562421894
51.95613488469294 11.839942732968844
52.151456390920174 11.832094445126609
52.40260687895562 11.829879176162795
52.55641294588415 11.824279182329374
52.70994378016587 11.818677679655679
53.01618193095371 11.807470037097751
53.19249774399361 11.806410267759677
53.42363466724879 11.811076985199529
53.61388728533194 11.818033437596464
53.72362413285035 11.829505468210469
53.83298732141321 11.840999082524272
53.9335710427512 11.855918854753126
54.07943650639689 11.880038095756651
54.13929493791795 11.897214798175687
54.306169915314115 11.925997392123215
54.4526227501419 11.93543153342448
54.607118574018585 11.941497927048468
54.78330483796924 11.952218193879242
54.94154966953096 11.96978939291498
55.046580524480134 11.981530385142689
55.11232260390781 12.02171466677446
54.88172794207654 12.019791636394087
54.66358357351223 12.025910538066633
54.427498324388836 12.038787028484759
54.26976959930522 12.047359546056663
54.156068277211205 12.065099074446573
54.081758976207055 12.080670452444982
53.989916242494644 12.10291761437427
53.75287077859787 12.141463479190952
53.55038900752206 12.166532735263553
53.39150053414545 12.174923552250826
53.24112646450757 12.17998944931033
52.96589465854356 12.180193369068524
52.760916470025904 12.179549242861322
52.52387693210227 12.177731124229664
52.254383319612 12.174759354216858
51.943266152807325 12.173951092616901
51.726332801677955 12.176734644578271
51.331322915325785 12.180243660993762
51.10389031102267 12.186355187585571
50.916780017842825 12.190363421896926
50.78517441377306 12.199960686519226
50.6185644927661 12.222587568774857
50.52514632837273 12.24421887612356
50.39310857338984 12.253745476053854
50.243410986190554 12.269746441494002
49.99245079900854 12.277259420783842
49.989224466169645 12.199229059230607
@