74.69465994609891 17.559742835808205
75.00135581786614 17.509381177208713
75.2893511577499 17.440470379031293
75.6071419760172 17.3896300090228
75.8849346428926 17.298747368749506
76.12134947212434 17.232173551829355
76.45636877917877 17.17926057788598
76.72373991544961 17.13253371057112
77.08765541312948 17.102650758974114
77.35993484402564 17.155695028840608
77.7641468988761 17.078063025683075
78.17702563717918 16.999131066102187
78.58421082240918 16.89168464878914
79.04140217016274 16.865386069679225
79.50066528639616 16.84326838617015
80.14579535247981 17.039576158508
80.43558432347766 16.91176952903845
80.71943313727348 16.70691805585839
80.66098306909441 16.461152473769012
80.57684228737313 16.244885587664314
80.48065134006873 16.061763182281567
80.33173598907908 15.839865680462337
80.06604594742714 15.750477710316035
79.75158716619455 15.629807961190803
79.22946364503628 15.624024685802413
78.79035547062477 15.610802721898615
78.0242207327804 15.537732495583006
77.45915142034244 15.478218591695502
77.14314612860971 15.37732148005118
76.77066100832039 15.204984439141914
76.28560172302778 15.008495514387931
76.17895679891996 14.810320952742108
76.3032444470359 14.642547928076933
76.77137024524498 14.481480607037614
77.06637869226842 14.253792470545088
77.34776405031312 14.070654878021735
77.53016182841907 13.906625996929517
77.76924297549422 13.532553003295346
78.10013174112436 13.291113695350441
78.52403042178437 13.068284648967401
78.84975509176937 12.867934217303208
79.13380481121948 12.590505632816093
79.18966822095459 12.30925960055838
79.2121792252938 12.021700903991427
79.21041623000784 11.616196503996568
79.70101780192584 11.298044108713773
79.9516338234682 10.984692351197662
80.31141660393055 10.678773374807202
80.6368162935656 10.355732147846519
81.07172376245094 10.031479092927375
81.27908881011439 9.732893648215253
81.63422421360016 9.369767459531758
81.788845376794 8.97994456997123
81.88818074081001 8.580104603999269
81.92985384578887 8.174500519856162
81.90418090414596 7.700378322115218
81.69195726873929 7.379977353249084
81.56253220475168 6.989901339559456
81.41358497980121 6.673698087742707
81.09238209893661 6.391431054633706
80.69802303581079 6.0671852037839
80.26779635193842 5.763065190362635
79.86337068295296 5.528956101819343
79.31683430993067 5.2113467433587495
78.92750121797647 4.932892933265503
78.58278724329688 4.712546298984979
78.22188741615346 4.502412632321292
77.77020487440396 4.263061730348138
77.49136675265464 4.04534448133095
77.19635056485299 3.8367692086116634
76.99005409018645 3.608942084075128
76.66598712125233 3.418249380471053
76.24516061820512 3.205767986611015
75.90690800026476 2.9776198858211416
75.64383040361994 2.840702867733622
75.46452076298851 2.6826320741846885
75.27776596126662 2.529871141802417
75.06581116060059 2.285525328484205
74.73107535883074 1.9869233729977296
74.19848247481161 1.8628904559323232
73.34809442906081 1.7475696697608818
72.59931438926725 1.6934498588058986
72.17848514455676 1.6363621015955125
71.5072403333792 1.5231040733953556
70.84708809370406 1.4490569436656884
70.11040563813452 1.356785427446404
69.21818766604056 1.2638279735845046
68.73234557503298 1.2252345566711398
68.07048225203215 1.2178168566090477
67.02578641211929 1.1184154222318519
66.85595314392498 0.9686121038486242
66.6721984332857 0.8541481260102515
66.59393786287836 0.6977947806318596
66.43160254820242 0.5594588627585821
66.28804431769623 0.39596317242032697
66.06973944506174 0.2498850741253733
65.92264273143874 0.1223624240628709
65.68890423348444 0.0359969368521007
65.47748590115873 23.92438335679889
65.33202348077748 23.82902822797528
65.17410613132247 23.760261035618143
64.90659344821267 23.663377982809813
64.57285411625207 23.577407446856306
64.30083351306195 23.505755357122904
63.92889625101262 23.405370709196724
63.566785647671054 23.30484332961486
63.188745559281955 23.22720024926788
62.816483851748984 23.148703237840543
62.42974041401391 23.03217483983095
62.00587567203971 22.90065498216652
61.72921825959989 22.812722559086325
61.488087011283426 22.703261031651937
61.32848750087041 22.588132547434597
61.011715403262315 22.45114127823743
60.82180878343041 22.324184053653937
60.64579564260984 22.23254161821493
60.51481383960615 22.155898742858533
60.61598606464642 22.066721243054232
60.64067441611124 21.951984964092084
60.67254740385869 21.840369717685373
60.71259254443444 21.731856580057027
60.83234822467179 21.652772540980795
60.916362270314465 21.591585349680734
61.117991085051216 21.51359443280775
61.250167969080934 21.440462635616058
61.375525444671524 21.396180005220362
61.688077342623416 21.33426675597213
62.082000032636614 21.309791417438625
63.2702997186729 21.14423037375635
63.32925710547454 21.0752048859542
63.605273244268545 21.01440507667118
63.64356153045901 20.92851866206664
63.55804966201393 20.877389657926674
63.383253454296664 20.806528561104496
63.11451648078253 20.756507223041254
62.83126585494222 20.695090426393854
62.61806678486457 20.6326680078694
62.47946093957722 20.56994515647131
62.35772438202207 20.51743789860515
62.088132578485926 20.4528296074813
61.76896906716047 20.417943164708053
61.43559063514931 20.37149902428172
61.096484094122275 20.32399217700611
60.76384203250268 20.297260341876868
60.333909939626494 20.25746577522881
59.98341643133665 20.22932427538
59.4477977454151 20.19734598607655
58.80005314365255 20.162653941741137
58.220974804115485 20.128634770409825
57.71418960570395 20.083774441495855
57.004914486649255 20.069828632847937
56.374584722161046 20.057612688509938
55.72304347273894 20.045156068900646
54.945719681051855 20.042905850878682
54.38960211103367 20.057724136055565
53.56831868358532 20.055850943559328
50.51117617183496 20.03050964763075
50.991770626146774 19.99889936626709
51.574567770597724 19.94373468320155
51.916409428993575 19.898202237852267
52.41600657725735 19.881870999385796
52.76684225536596 19.83761216408395
53.3769488083787 19.799275534443307
54.22900756062319 19.767307143502876
55.29692043328987 19.74215530569819
55.98577228974628 19.734370152368058
56.437464367410655 19.72146443684364
56.995398326306486 19.699948369621517
57.53601779871926 19.690910216880805
58.00092205285293 19.633010646617816
58.348356542017285 19.596232006556747
58.458250353239606 19.504172440642055
58.64019636448427 19.450164758229462
58.75221127739934 19.381146946227823
58.85673592560144 19.323526621856537
58.82074478456255 19.234341049199692
58.748696276258784 19.167414299727774
58.68539953064874 19.099622531464657
58.350796869192095 19.004845715465976
58.199026094093625 18.92965080534852
58.41091787596929 18.855920142269223
58.7030435729572 18.79940799663138
59.145919970292596 18.736090858335622
59.771393300183064 18.727264008111042
60.25876699112817 18.755605593771644
60.6915199866296 18.79573800205557
61.14928796219033 18.823894602931617
62.21873238908415 18.852433095744708
62.41356241099069 18.796709155720876
62.657501219962086 18.729606463631573
62.7874214508937 18.66704166509971
62.880926896323274 18.615195960965554
63.025641771941764 18.55139764072837
63.09664970643334 18.479790802291586
63.07702394675886 18.430427518698558
62.95966886788389 18.322016632755652
63.24217814944572 18.229532832824887
63.56738402948372 18.156336328068043
64.03997646899197 18.079134698953172
64.42827965130158 18.047894064325373
64.87321349744713 18.00534357109251
65.24243284220128 17.954259588015724
65.82259055418069 17.91130994804469
66.38914435506311 17.84827143247007
66.82791740557289 17.787807991579616
67.20837977186108 17.739754154596522
67.71909344318323 17.668854951648612
68.36261448346741 17.622991380770635
69.71325551121453 17.505336139727444
70.21314275250234 17.49100528688147
70.74040616184212 17.517762751554958
71.13474913888945 17.54347807783307
71.58324971052718 17.62332294103484
72.59611040655886 17.56475274535572
72.96993950816028 17.57686247617751
73.4665374686208 17.57564233110864
73.95401193612062 17.578783762299274
74.36639347053358 17.59333466305533
@51.57702962714271 10.165316893249804
51.65912332190541 10.159315787376421
51.76760395526429 10.161233030522768
51.89396271921456 10.163477313297946
51.98164761610994 10.166910256165696
52.069210682928684 10.170349886747353
52.154199578847965 10.17562345784042
52.256991430793846 10.181232289573117
52.3367403453442 10.19018442128689
52.45207540803378 10.199810193247549
52.54927002215774 10.209124776584488
52.61059293556241 10.217787492222545
52.704861730475244 10.228965738002813
52.803944513054546 10.23649401247036
52.94082331380076 10.242881839585532
53.10017552166073 10.245953924793762
53.22386482622528 10.248353421444076
53.36495451975276 10.25110658881932
53.50318189030432 10.255716655326543
53.64110519318919 10.260342712575087
53.763805913481804 10.262785776959502
53.86100626741819 10.270438805174585
53.97283368756854 10.280312745521135
54.02947695253195 10.290992919646285
54.09279437362255 10.309452381194664
54.161107590512785 10.324224928733777
54.19715415144853 10.336431646155226
54.23306482567267 10.348644804116711
54.23691326438674 10.358274382684893
54.220683066663014 10.36938468367544
54.18707983607999 10.380118144685621
54.16526605939646 10.39491458452622
54.1460879893192 10.407853773318145
54.12958214061953 10.418938760208036
54.10470673442637 10.435556242126719
54.03275885813014 10.435884582339284
53.966276457377774 10.432526993922258
53.87961042911789 10.4306403237045
53.77546191998999 10.428382999058844
53.717819377811765 10.430936727180486
53.66649119962372 10.441218494474574
53.66725633680781 10.452624011069915
53.73458628932957 10.467387833092852
53.76700842083042 10.481399760700466
53.73562928639183 10.490201426940127
53.643308331630294 10.491951009329748
53.539131541772406 10.489649669281626
53.434791970851535 10.48735571987348
53.295419498129434 10.48430856143881
53.10331055312034 10.48013993909791
52.96047334316157 10.47894882908669
52.820133693912965 10.475943292067765
52.67397166976954 10.476592792861736
52.542403149226516 10.479438361094982
52.407868798378274 10.484098885114207
52.29358272574703 10.487311070531995
52.16144932575992 10.490148791781715
52.08506509892459 10.49228719379089
52.02358239692427 10.496605896534556
51.91434809706749 10.49618983959015
51.81997855538273 10.497954925084908
51.68990145994135 10.498981139878397
51.582974968538934 10.496770231940271
51.47588750597015 10.49456630055395
51.35074885114193 10.492003827210251
51.26397040781612 10.488379296470608
51.20047163032828 10.481526131076414
51.145023795077975 10.469283020259905
51.09029051371576 10.444095741120766
51.10640117748747 10.43329488659692
51.143120639813105 10.421042029756723
51.197762732861804 10.409132533847597
51.2470273686086 10.400819460183286
51.33486142468604 10.391395871139014
51.366045582733705 10.382715861041012
51.417797772681524 10.372572021208509
51.46687043338801 10.364227663403492
51.50315376651491 10.351909482191981
51.539360003107305 10.339582210286606
51.572900574025425 10.329057854187196
51.61411630324312 10.313087251995324
51.66549370279944 10.302886434270526
51.680857742162715 10.291997644706811
51.69870308944573 10.279288754761751
51.69593575015878 10.268055195491002
51.67256046046418 10.258303383644153
51.63107956707114 10.248222160992128
51.591985943231776 10.236331132606011
51.55275733283216 10.224446763289247
51.49530699306857 10.212243070281621
51.422019359329056 10.197911548224598
51.418579441274574 10.186696623940145
51.45375665098098 10.174304742696652
51.57702962714271 10.165316893249804
@49.991504180215486 12.499309036361687
49.98769385092933 12.39916203012805
49.98374295915363 12.299040000511754
49.98167918769994 12.23520537170766
50.103137988891575 12.223895685978054
50.25292470458723 12.207385636502854
50.36105859089474 12.193048379041208
50.49368461642766 12.183106952872075
50.62613503895648 12.173151566282435
50.799672186617386 12.160964700401406
50.97290471257375 12.148756657794314
51.137478250028806 12.13986507925034
51.351137785158244 12.125391641901462
51.523396060616705 12.113120986533524
51.703675618567246 12.097471259529845
51.79369301026816 12.089633223463531
51.9568746388191 12.08066488200098
52.152147047232376 12.072811261122744
52.40319930959308 12.07059264670557
52.55696263913285 12.06498868608053
52.7104501576039 12.059383207697973
53.0165999959724 12.048167590017716
53.192842828354344 12.04710564148141
53.423860746038486 12.051772172782133
53.61400406143815 12.058729782699372
53.72364994999978 12.070205676293007
53.83292263080705 12.081703065482692
53.93340689992098 12.096628037932266
54.079119087815 12.120755562728712
54.138886679804244 12.137938448921327
54.30558230526947 12.166730231407659
54.45193998659164 12.176166138370615
54.60635103450855 12.182232859609362
54.78242666790618 12.192954804082037
54.940542598873805 12.210530209042062
55.04548808168286 12.222273888643674
55.11105035942268 12.26247074271374
54.88054909520497 12.260550301045487
54.66246116672667 12.266674219903198
54.426409849142544 12.279558150011557
54.26870249594526 12.288135591790057
54.15496621890355 12.305882337108805
54.08061553981497 12.321459598652556
53.988706395326005 12.343714792179146
53.751565279121735 12.382275151050392
53.54903127537426 12.407354160683685
53.39015274216638 12.415749443625613
53.239800980308274 12.420818762693594
52.96465337583575 12.42102645987669
52.75974154738711 12.420384874388194
52.522784006168195 12.418569336750528
52.25338821978718 12.415600161438615
51.94236996397353 12.414795504025923
51.72548701297302 12.417582436804002
51.330575387084224 12.421097040801552
51.103174886079955 12.42721284439777
50.916095673676494 12.431224266029592
50.7844716148951 12.440825598244444
50.61777370550371 12.463460290938743
50.52425000241928 12.485098086407898
50.392188269281974 12.494628432981125
50.242429340157145 12.510634790933457
49.992448004233694 12.518123155619055
49.991504180215486 12.499309036361687
@