74.69469099572683 17.51247364508543
75.00141681964848 17.462113388606713
75.28944929004652 17.393202903673625
75.6072678893837 17.342364333278503
75.88510429406006 17.25148074850699
76.12155013840956 17.184906730386942
76.45659434465077 17.13199615516096
76.72398634083999 17.085271114724975
77.08791578665864 17.055393173404724
77.36017590687254 17.108446365469838
77.76441983480575 17.03081809027002
78.17732906322044 16.95189049287212
78.58455281819772 16.844446843993474
79.04175296433394 16.818159009546488
79.5010228597474 16.796053648794693
80.14608683630806 16.99239721481546
80.43591772292783 16.864592724378245
80.71982987397635 16.65973716961316
80.6614524769671 16.413948574947064
80.57737167001312 16.197658630494523
80.48122843646922 16.014514876061106
80.33236692883114 15.792589561765693
80.06669916247418 15.703183045398372
79.75226868139865 15.582490469495685
79.23015117504019 15.576690771983106
78.79104965608101 15.563455296591545
78.02493604295321 15.490358664791573
77.45988274928254 15.430826303452529
77.14389785396213 15.329912681964528
76.77144268366251 15.157551467719736
76.28641239149545 14.961034861016111
76.17978837620706 14.762839829301459
76.30408885303211 14.595053451871964
76.77222354473656 14.433979452201221
77.06724249698922 14.206276379029749
77.34863399839804 14.023128030442567
77.53103566323085 13.859088747498433
77.7701198667157 13.484990786869067
78.10100963272936 13.243539048943669
78.52491023714651 13.020700505158288
78.85063598391415 12.820340877081176
79.13468451539356 12.542897770801675
79.19054210572222 12.261635533230393
79.21304595156926 11.974061336115572
79.21127223208089 11.568537117929617
79.70187640884652 11.25036901430568
79.95249006817559 10.937000814395697
80.31227188155813 10.631063125658779
80.63766765352227 10.308000093844532
81.0725689988858 9.983719751185452
81.27992301993018 9.68511049159654
81.63503975529764 9.32194903393804
81.789633903892 8.932092694522638
81.88893449197317 8.532219193783396
81.93056491357137 8.126583132701818
81.90483267736698 7.652427811187821
81.69256872310498 7.332015969964764
81.56308289373209 6.941921571415172
81.41408174239425 6.625707473132298
81.09283451847145 6.34344168735138
80.6984205135436 6.019199467975522
80.26813976630476 5.715086478876213
79.8636723077183 5.480986213509098
79.31707339414524 5.163389324495771
78.92767548210742 4.88494467215115
78.58290861561022 4.664607505706247
78.22195726166129 4.45448464697224
77.77021507099093 4.215148091415749
77.49131515422022 3.9974418628405246
77.1962401472181 3.7888789497086393
76.9898750852239 3.5610642006357622
76.66575684549736 3.3703858621983827
76.2448762386064 3.1579222410015824
75.90656392150373 2.9297918226145896
75.64345385956182 2.7928866604813116
75.46410457276835 2.6348277001937745
75.27731380112073 2.4820785348443444
75.0653030635014 2.237750311149167
74.73050836475758 1.9391704812413195
74.19790594555579 1.815151093133629
73.34752327200817 1.6998458266897032
72.59875985900584 1.6457361858149682
72.17793594835268 1.5886549947858235
71.50669776858544 1.475407530107141
70.8465611822455 1.4013683251102833
70.10989735080895 1.3091049355598798
69.21770891154586 1.2161553327617227
68.73188654010141 1.1775653553659922
68.0700590098547 1.170151265249146
67.02541053870456 1.0707553336087372
66.8555630456442 0.9209522142261299
66.67179854802089 0.8064876173480577
66.59350890427817 0.6501319138227437
66.43114846150328 0.5117930103275476
66.28754959687714 0.34829268795056834
66.06920529112875 0.20220933340463176
65.92206409229732 0.07468160974448068
65.68829782200561 23.98831169481806
65.47683262667891 23.876692472185617
65.33132292512823 23.781332565850565
65.1733700620349 23.71256142495455
64.90580303497174 23.615672246855866
64.5720113760153 23.529695119121985
64.29994137414099 23.45803743368117
63.927925827385394 23.3576449166194
63.565726061982105 23.257109781127582
63.187608378809955 23.179459409918884
62.81525980970781 23.100955209594623
62.4283776757957 22.984419066114143
62.004340253302274 22.852891741458322
61.72755849815928 22.764955242435278
61.486271509875905 22.655491513294344
61.3265104841299 22.54036387850042
61.009527530913346 22.403373581115112
60.81943370397343 22.27642133704002
60.643279646029896 22.18478320254593
60.51218246087939 22.108145118484934
60.61326372688899 22.01897850672924
60.6378261313852 21.904255857673068
60.669587258481755 21.79265545282457
60.70953515735022 21.684158147358495
60.829244631842755 21.605087661803147
60.91322575536802 21.543911143130686
61.11483779597032 21.46593543990781
61.24699357153514 21.39281739023619
61.37235057194323 21.34854375108318
61.684934091264665 21.286644752525
62.07892587693132 21.262178163273393
63.26740243762913 21.096657724846587
63.32635483982534 21.027644270331884
63.60241397407577 20.966857179036793
63.64069993129334 20.880985362583516
63.55516845069505 20.829864175445458
63.38033735606069 20.759013621572443
63.11154891039047 20.708998813056223
62.82824674608909 20.647590629486903
62.615013655765324 20.585177660031192
62.476392773179356 20.52246485195249
62.35464531736844 20.469965997434322
62.085018953403704 20.405367534980574
61.76580221108614 20.370485756600015
61.43237368926373 20.324048372316234
61.09321854477653 20.27654860435947
60.76051986304273 20.249820425889503
60.330518580955754 20.21003167781901
59.97996699793089 20.18189432046751
59.444253002396266 20.149920662503273
58.79639076295254 20.115233845326834
58.21721048215724 20.081220168347674
57.71035164264305 20.036367556958506
57.00092751360745 20.02242411507621
56.370463403870104 20.01021044380723
55.718781515476195 19.997756335253108
54.94127201086431 19.995506947191846
54.38499752032223 20.010322688600066
53.56350829435925 20.008450467043545
50.50559464371071 19.983118211578883
50.98637505649526 19.95151398447885
51.56942218879891 19.896359604203244
51.91143094105243 19.850835338394855
52.41117970267186 19.834506097088138
52.76217641781463 19.790254460043755
53.37249039725495 19.751922963853822
54.22479280876527 19.719957740408944
55.29297481729455 19.694807314921505
55.9819817324244 19.687021819128063
56.43378446068266 19.674117017204498
56.991859637759234 19.652602811003995
57.53259661542967 19.64356483254594
57.997664908830075 19.58567178026779
58.345210679348156 19.548896885134656
58.455245156196185 19.456847344455387
58.637293962937235 19.402844743845403
58.749420240185714 19.333833122209853
58.85403971518588 19.276217456079433
58.81816700897491 19.187038742004663
58.74620302049962 19.12011660206808
58.682994989585296 19.05232890953773
58.34848900532586 18.957557496173713
58.196812580050675 18.882365772500606
58.40883779030105 18.808636614733004
58.701076956288006 18.752124906369417
59.14408788583353 18.688807645254037
59.769633267210395 18.679979542393152
60.257015780957545 18.708319762526727
60.68975898863641 18.748450627005933
61.14753720189293 18.77660576894717
62.21705549547423 18.80514178584703
62.41196943514052 18.749418912671132
62.65600806947097 18.682317127599667
62.78601072992441 18.619752936398804
62.87958237176281 18.567907488390613
63.02437996601955 18.50410913958818
63.095472195800454 18.432501937909315
63.075899058624145 18.38313819510058
62.95865427736129 18.27472559611929
63.24127993960951 18.182239440902528
63.566580241623996 18.10904069952136
64.03927475712399 18.031836477735883
64.42762723703746 18.000594855904712
64.87262200872541 17.958043012078537
65.24190439140304 17.906957264101273
65.82212421709522 17.864006514184545
66.38875347636989 17.800966071079607
66.82759148365034 17.74050060760671
67.20810434007285 17.69244525102022
67.71888739014022 17.62154370790882
68.36245974876124 17.575679767057643
69.71321315560269 17.458023548350983
70.21312030096996 17.443694488805544
70.74037872095519 17.47045657837464
71.13471496070662 17.496175818937246
71.5831785488223 17.576027882223602
72.5960962544581 17.517462401016374
72.96992679862731 17.529575984051828
73.46653597810229 17.528360426461845
73.95401888328459 17.531507000762033
74.36640137797204 17.5460631724022
@51.57695606898574 10.117754575531853
51.6590582456582 10.111753660537019
51.767544638355446 10.11367041612363
51.893910081131935 10.115914129549628
51.98159858440002 10.119346537984343
52.06916524664328 10.122785634398669
52.1541566036897 10.128058544529702
52.25695185869304 10.133666634741585
52.33670102989092 10.142617853132828
52.45203826203647 10.152242551061477
52.54923414669125 10.161556142737034
52.61055650276148 10.170218028892421
52.7048255910955 10.181395158551013
52.803910814928116 10.188922572256981
52.94079495942154 10.195309506947243
53.10015545988429 10.198380873363844
53.22385116630221 10.200779810737878
53.36494812513641 10.203532338750257
53.503181701071554 10.20814164128691
53.6411111707705 10.212766935407869
53.76381812166008 10.215209440956183
53.86102083421551 10.222861620200135
53.97285053931728 10.232734510548319
54.02949251734961 10.243413751137581
54.092805817711735 10.261871706912453
54.16111693681526 10.276642996767304
54.19716064200489 10.288848736910953
54.23306853524676 10.301060917564714
54.236913370595346 10.310689796952527
54.22067782723505 10.321799349353459
54.187068399335374 10.332532135484566
54.16524764478976 10.347327570140381
54.14606354821004 10.360265876242188
54.1295525929406 10.37135010427076
54.10466962940998 10.387966444100798
54.03271719911493 10.388294952753
53.96623190083133 10.384937787724766
53.879561187996984 10.383051487506417
53.7754070294672 10.380794606951698
53.71775995689404 10.383348299750097
53.66642482699558 10.393629440523927
53.66718592472628 10.405034107837196
53.734514924395256 10.419796659490082
53.76693428790324 10.433807463383985
53.735550209072244 10.442608552840744
53.64322283202884 10.444358233484316
53.53904020611583 10.442057323284565
53.43469476817839 10.439763803811733
53.295314424392984 10.436717218729328
53.103194565909575 10.432549384873393
52.960348534210254 10.431358715325487
52.820000819893636 10.42835375122502
52.6738290211041 10.42900355654076
52.54225085713398 10.431849220731838
52.40770598319523 10.436509701916616
52.293411199856024 10.439721905247946
52.16126799621159 10.442559712013765
52.0848779078342 10.444698122243356
52.02338957131005 10.449016624412456
51.91414806112269 10.448600850640213
51.81977152545085 10.450366010199385
51.68968524520682 10.451392436926096
51.582752245008976 10.449181947327652
51.47565824053231 10.44697843406698
51.35051191148963 10.444416448240904
51.26372879415899 10.440792405787406
51.20022811970259 10.433939940292188
51.14478096983558 10.421697951844756
51.09005350067801 10.396512849174893
51.106169506979796 10.385712834622744
51.142896376848995 10.373460883681581
51.197547040478014 10.361552217942213
51.2468184544563 10.353239693016492
51.3346623942829 10.343816641959016
51.36585231441151 10.335137247515135
51.41761231481857 10.324994084640101
51.46669186787915 10.316650263405764
51.50298300772596 10.304332962992756
51.53919712540781 10.292006567925336
51.572744658316395 10.281482949391275
51.61397041459625 10.265513485667938
51.66535593051162 10.255313321223529
51.68072609447211 10.244425334627513
51.69857866522716 10.231717378213006
51.695816578565314 10.2204846939502
51.672444549859335 10.210733700789065
51.63096597218723 10.200653374419366
51.591875807083255 10.188763374181326
51.55265074038752 10.176880032293345
51.49520303511031 10.164677445225966
51.421918258109 10.15034723971657
51.4184841409874 10.13913318085655
51.453670336232705 10.126742131854508
51.57695606898574 10.117754575531853
@49.98953056828415 12.399230172933482
49.98563327142415 12.299095908867834
49.981649111457244 12.198987462266334
49.98140846422649 12.187516904540583
50.10306299174522 12.17618937108145
50.25284617359483 12.159680100464827
50.3609764075172 12.145343510183066
50.49360218724388 12.135402603168052
50.626052490838276 12.125447740684137
50.79959012417777 12.113261532590178
50.97282333212448 12.101054154812916
51.137399024807195 12.092163099144175
51.35106018856774 12.077690470703462
51.52331972184109 12.065420499234431
51.7035995547009 12.049771616257384
51.793617180020334 12.04193400579176
51.95680168892403 12.032966208473079
52.152078942268275 12.025113114099089
52.40314089929137 12.02289483005515
52.55690844633796 12.01729126106076
52.710400239428 12.011686175189963
53.01655879299531 12.000471344875656
53.192808828576545 11.999409611555723
53.423838492894305 12.004076161400697
53.61399259749706 12.011033657215679
53.72364746520876 12.022509169621937
53.83292908062046 12.034006186323003
53.933423167551865 12.048930645602276
54.07915048675835 12.073057352932778
54.1389270466976 12.090239628861895
54.30564037767857 12.119030504629677
54.452007451790394 12.128466237461291
54.60642686782609 12.134532926504379
54.782513421718306 12.14525470556544
54.94064207718458 12.162829695580642
55.04559598754392 12.17457311006132
55.11117601618855 12.214768723424
54.88066553350549 12.212848026051086
54.66257203519626 12.218971449555884
54.426517370211144 12.23185464522429
54.26880790873747 12.240431600890869
54.15507508395288 12.25817763388245
54.080728490811566 12.273754314730565
53.98882590383084 12.29600871557124
53.75169423348905 12.334567643894095
53.54916538850543 12.359645690837526
53.390285875548784 12.36804053291922
53.23993191285729 12.373109514153036
52.96477599833909 12.37331683830236
52.75985762054225 12.37267500189189
52.522891986573285 12.370859209328875
52.253486545015534 12.367889777711381
51.942458527344854 12.367084764344991
51.72557060277501 12.369871363306585
51.330649280099294 12.37338541557003
51.10324561197328 12.379500796918636
50.91616333299089 12.38351190386964
50.78454109742867 12.393112834596
50.61785187620441 12.415746756458029
50.52433859315141 12.437383911654857
50.392279228457 12.446913888429785
50.242526356579106 12.462919714181368
49.99254223145047 12.470407693828992
49.98953056828415 12.399230172933482
@