74.69493742804988 17.057279802223647
75.00190593132581 17.006930955901446
75.29023924970213 16.938023075904702
75.60828293718882 16.887199137562394
75.88647373820726 16.796307987076453
76.1231708907265 16.72973240277904
76.45841683467853 16.676841317622525
76.72597784327323 16.63013112772551
77.09002027483967 16.600293819768524
77.36212386230784 16.653419265025644
77.76662602435508 16.575821281701458
78.17978227812196 16.496929119976983
78.58731854242575 16.389508022869478
79.04458989937939 16.3633073042591
79.50391462989546 16.34130184896182
80.14844279885978 16.537935287437193
80.43861330365175 16.41014830194296
80.72303871751913 16.205259933959614
80.66525039599736 15.959285097978944
80.5816557948094 15.742808469139156
80.48589940024002 15.559491822627391
80.33747446092389 15.33734122263829
80.07198735618871 15.247784404773697
79.75778639341632 15.126906838316536
79.23571774499274 15.120973983414448
78.79667025475811 15.107628962034688
78.03072801782452 15.034318284288538
77.46580466364645 14.974636311966584
77.14998517368124 14.873588892568028
76.77777288077502 14.701031779721806
76.29297772579233 14.504290830113096
76.18652328535532 14.305929914294996
76.3109278105807 14.138035335810052
76.77913462192524 13.976907236201702
77.07423879637938 13.749083124927456
77.35568014292016 13.565847614834016
77.53811335896913 13.401724033798843
77.77722244689377 13.027423721337923
78.10812036681656 12.785871243973085
78.5320365866587 12.562955729547593
78.85777107969514 12.362521565083494
79.1418100135509 12.084960751526387
79.1976204783401 11.803567155281014
79.22006633796124 11.515867312851391
79.21820573003626 11.110182453642741
79.70883097775823 10.791887007146414
79.95942545970715 10.478385514914534
80.31919937845498 10.172296120716036
80.64456332849682 9.849056308148272
81.07941494299988 9.52455471639237
81.28667950866443 9.225752379647595
81.64164479922528 8.86230496985856
81.79601985829123 8.472177471387981
81.89503844527312 8.07203216183909
81.93632278424988 7.6661369722349235
81.91010984488878 7.19171331491989
81.69751910316074 6.871213513594253
81.56754077173113 6.480970314450268
81.41810260396599 6.164668505902643
81.09649611542906 5.882413017015796
80.70163701394355 5.558200438485947
80.27091833730927 5.254144560507445
79.86611241396173 5.020115924706655
79.31900698705834 4.702620243745098
78.92908409329974 4.424249939891798
78.5838888868694 4.203989589886859
78.2225202746713 3.9939543867425087
77.77029508492495 3.754734149490851
77.49089476652392 3.537117286288492
77.1953434822889 3.3286545678658115
76.98842303481507 3.100940145517196
76.66388968423809 2.9103782104602587
76.24257105535372 2.698058579098827
75.90377539502754 2.4700714157190546
75.64040250278094 2.3332622903982916
75.46073222204427 2.175299187684523
75.27365022598144 2.022645335621341
75.06118658657593 1.7784595839893527
74.7259150297842 1.480058944895319
74.1932354806055 1.3561490994466645
73.34289643078549 1.2409694862288063
72.59426776082196 1.1869421823957111
72.17348709782232 1.1299141561933936
71.50230269601002 1.0167522251211913
70.842292946253 0.9427771855866602
70.10578001324623 0.8505795984727627
69.21383082952244 0.7576935666778226
68.7281682038321 0.7191314393267589
68.06663061482095 0.7117465779266396
67.02236585813182 0.6123952039943212
66.85240314059956 0.46259369739200906
66.66855936272313 0.3481240876517191
66.59003420755974 0.19174928889145804
66.4274702058263 0.053386208163828996
66.28354216861351 23.889848377259135
66.0648784099291 23.743722459546518
65.91737683137546 23.61615365392304
65.68338556000612 23.529747885430062
65.47154070827557 23.418082975017995
65.32564796556315 23.32268438789074
65.16740738610864 23.2538812777203
64.89940007884886 23.156942507107097
64.56518446138375 23.070912009570883
64.29271422609449 22.999209021152172
63.92006440785977 22.898752799328545
63.557142241380774 22.798154881037526
63.17839584794635 22.720445491219948
62.805343484673216 22.641883102382415
62.41733761856247 22.525284281851604
61.99190112644837 22.393696548410492
61.71411194408245 22.30572708508867
61.47156319877976 22.196245577732718
61.31049368410871 22.08112486938669
60.99180247029744 21.944142499485228
60.80019204425321 21.81723062536595
60.622896376216346 21.72562734216421
60.49086446088802 21.649028069364885
60.59120901308529 21.55994961254514
60.61475123862874 21.445337311032723
60.64560629294263 21.333857049272655
60.68476653288127 21.22548789379917
60.80410179871009 21.146527104951396
60.88781628269135 21.085436963039843
61.089292542210984 21.007584383301293
61.221277366631796 20.93457758917469
61.34663055517143 20.890376712591006
61.659470327607664 20.82859303796244
62.05402197835292 20.804197252862892
63.24393152567512 20.639005417600053
63.30284344526825 20.57008934162857
63.57925082558967 20.5094051732679
63.61751773833882 20.423651492007274
63.531827241363374 20.372593562229362
63.356713308276426 20.301828324057748
63.087507686027266 20.251866350856922
62.80378775316862 20.190527863625466
62.59027880460218 20.128191358042404
62.45153584790842 20.065559825862323
62.32969987677936 20.013128976764683
62.059793201822885 19.948610052571134
61.74014497898389 19.913766015997652
61.406310353799114 19.86738330285591
61.066761120042656 19.819940822277967
60.73360348216261 19.793242229938958
60.30304129458975 19.753500563407865
59.95201891951524 19.725396724346922
59.41553233869834 19.693460535711584
58.76671650192674 19.65881600699989
58.18670978241502 19.624846783689136
57.67925372456705 19.580056624479592
56.96862174085982 19.566132316022845
56.33706859626628 19.553937022352798
55.684246601255154 19.54150321698374
54.90523166821919 19.539260519772974
54.3476852901357 19.554055651326255
53.52452766758344 19.552191260791265
50.46036112154013 19.526932079811463
50.94264891785997 19.495376874448496
51.52772216960341 19.44030591507543
51.87108501522525 19.394847879792177
52.372062826036455 19.37853482661669
52.724364511074754 19.334341482982378
53.3363596590992 19.296051577037577
54.19063705025411 19.264112038642843
55.26100059119645 19.23897309695784
55.95126439711467 19.231184858631803
56.40396393320597 19.21828747545703
56.96318358485888 19.19678836582259
57.5048729414045 19.18775182332548
57.97127027345715 19.129911582667596
58.31971767026971 19.093167037381576
58.43089140139793 19.001198715634562
58.61377289997992 18.94723729829996
58.7268011899821 18.878275846074327
58.83218875531517 18.820697940442955
58.79727521207653 18.731574825774707
58.72599570330755 18.664690061828352
58.663506163979065 18.596935428011868
58.3297829627771 18.5022078391814
58.178870673249605 18.427041986918976
58.39197689068686 18.35332509792518
58.68513544775078 18.296816994833613
59.129236498400644 18.23349881366651
59.755365949776234 18.224660589730583
60.242820231906535 18.252989734895664
60.675484418906706 18.293108069268925
61.133345844539406 18.321251381921932
62.20346311729136 18.34976735186243
62.39905690728719 18.29405317385288
62.64390428120333 18.22695880199988
62.77457472079794 18.164399590601292
62.86868263748556 18.112556267736952
63.01415038111844 18.048757751212985
63.08592551523495 17.977147677322638
63.066778675086454 17.92778026206878
62.9504274223585 17.81935389051936
63.23399606060758 17.72684875202308
63.56006145685731 17.65363196919824
64.03358312346742 17.576406826424037
64.42233511266662 17.54515724289086
64.86782361441041 17.50259450455455
65.23761682440761 17.45149451186998
65.81834002427695 17.408534817617053
66.38558077409661 17.3454788238713
66.82494516122756 17.284997034383682
67.2058671711153 17.236929413850426
67.7172124391297 17.166008979368037
68.36120068303902 17.120142087734155
69.71286478803901 17.002478061850162
70.2129332392332 16.98816354898785
70.74015124630205 17.01496309316353
71.13443290367175 17.040714030041997
71.58259682971067 17.1206243645149
72.5959764823626 17.06209714220131
72.96981871297749 17.074241929525584
73.46651878999486 17.073063546435776
73.95407005065704 17.076251793006964
74.36646031095071 17.090850660819925
@51.57635976561039 9.660186344739216
51.658530644939106 9.654186976709308
51.767063697696756 9.656099783692241
51.893483249766604 9.658338886115592
51.98120097397401 9.661766966046928
52.068796768340206 9.665201736105178
52.15380807125331 9.67046929273196
52.25663090301134 9.676071377008583
52.33638216668936 9.685015197561905
52.45173698750608 9.69463119610093
52.54894317781017 9.703936755492789
52.610261030913534 9.712591922827016
52.70453251122419 9.723760011984815
52.80363752112615 9.731280453792168
52.940564962552884 9.737660160373366
53.09999264365055 9.740725705363255
53.22374021309031 9.743120113198156
53.3648960298525 9.745867463042455
53.5031798794769 9.750470577983481
53.64115931018725 9.755089691322688
53.76391673614114 9.757527670848795
53.86113856345355 9.76517297361903
53.97298678858294 9.77503735915564
54.02961835247342 9.785709037970445
54.09289829038531 9.804154796602695
54.16119243000128 9.818915899023654
54.1972130130346 9.831113722977591
54.233098389475 9.843317987214377
54.23691404382271 9.852941202964033
54.22063520723867 9.864044691391832
54.186975586621145 9.874772010556958
54.165098319650866 9.889559302740874
54.14586541545597 9.902490458663685
54.12931310288829 9.913568539601755
54.104368933574676 9.930175628076631
54.032379614019675 9.930505500784026
53.96587084191154 9.927151764987103
53.87916218037327 9.92526846142953
53.77496225721026 9.923015177603094
53.717278488147 9.925568583988602
53.66588705377757 9.935844649560266
53.66661543845271 9.947242437525537
53.73393673013783 9.961994699266931
53.766333681270424 9.975996401046899
53.734909556563025 9.984792818346913
53.64253015739442 9.986543294466294
53.538300255295695 9.98424586564216
53.433907290279336 9.981955828241691
53.29446318505353 9.97891388676278
53.10225491909861 9.974752438857447
52.95933742596466 9.973565336458751
52.81892437811939 9.97056501240464
52.67267339999012 9.97121728370103
52.54101712125839 9.974063724558494
52.406387008177774 9.97872385817804
52.292021665793015 9.981936206098814
52.159799049236085 9.984774704957175
52.0833614807261 9.98691318143424
52.02182750479844 9.991230058687336
51.91252758637157 9.990816578117652
51.81809439670022 9.992582337181394
51.68793371485839 9.993610479983793
51.58094798753342 9.991403378433384
51.47380098758643 9.989203251480347
51.34859249021716 9.986645213943474
51.261771507126156 9.983025126168688
51.1982554596749 9.976178329496024
51.142813850327684 9.963945431878898
51.08813343916606 9.9387779582075
51.10429271268495 9.92798474748143
51.141079576171705 9.915740134507196
51.19579965504988 9.903838193452275
51.24512596869664 9.895530113603503
51.33304996393568 9.88611142076691
51.36428655155868 9.877437013355294
51.41610981113027 9.867299334214081
51.46524518796696 9.85895985956726
51.50159955389236 9.846649693985803
51.53787749988615 9.834330401699997
51.571481417678285 9.82381275782161
51.61278838144665 9.807852516251465
51.664239633657104 9.797657643910679
51.67965939791938 9.78677616171088
51.69757046820192 9.77407576733992
51.69485091721262 9.76285017094799
51.6715052919418 9.753105809295326
51.63004545945648 9.743032742878412
51.59098329610683 9.731151070797361
51.55178691913392 9.719276051259602
51.494360537132934 9.70708242240003
51.42109888001855 9.692762881021073
51.417711738377164 9.681555832553038
51.452970705646464 9.669171525499626
51.57635976561039 9.660186344739216
@49.99170786583517 11.999328988461395
49.98789930674846 11.899179401467718
49.9839497393281 11.79905483183004
49.981577906162045 11.728707016808913
50.10245474964435 11.717454780022114
50.252209325914436 11.70095181854783
50.3603099905865 11.686620632820247
50.49293379232421 11.67668393096358
50.625383145520715 11.666733313729532
50.798924729132835 11.654552433628275
50.972163477341326 11.642350440865249
51.13675664067509 11.633463620217151
51.35043101547262 11.618997543707616
51.522700752709 11.606733111641304
51.70298283048885 11.591091065201164
51.79300235712225 11.583256902049689
51.95621020946891 11.574293511941415
52.15152671965748 11.566444681677636
52.402667214443454 11.564229072544437
52.5564689327731 11.558628675258989
52.70999535963267 11.553026768227069
53.0162245246473 11.54181831454395
53.19253291297659 11.5407583236372
53.423657729952595 11.545425022317083
53.61389922913534 11.552381592623775
53.723626824445915 11.563854016330819
53.832980806691836 11.57534801477738
53.933554412148 11.590268316146926
54.079404285294714 11.61438840005407
54.13925347736094 11.631565731659
54.30611021188392 11.660349260601922
54.45255336739757 11.669783581676793
54.6070405673062 11.675850008774523
54.78321557750195 11.686570446457223
54.94144729736959 11.704142073569288
55.046469468302405 11.715883339324359
55.112193260125906 11.756068900216125
54.88160810001776 11.754146132995347
54.663469474237644 11.760265544932432
54.42738767884069 11.773142792084304
54.26966112919459 11.781715810527277
54.155956253207194 11.799456073117863
54.08164274456803 11.815028049691897
53.989793257365505 11.837276028752873
53.75273806735376 11.875823368143722
53.55025098585537 11.900893616485297
53.39136352512847 11.909284887745999
53.24099172595237 11.914351132860878
52.965768486923 11.914555436709634
52.760797049977214 11.913911568826373
52.52376585435786 11.91209371258711
52.254282194517 11.909122206333072
51.94317509114106 11.908314311180295
51.72624686843926 11.911098206957131
51.33124698022041 11.914607791581469
51.10381764347429 11.920719753186004
50.91671051343411 11.924728311666014
50.78510303365226 11.934325990089045
50.61848416492259 11.95695366700266
50.525055266957764 11.978585634531134
50.39301507439461 11.988112615623013
50.243311249422106 12.004114129714033
49.992337620279415 12.011627997199016
49.99170786583517 11.999328988461395
@