74.6948168610534 17.627108070821446
75.00166550779761 17.57675357806742
75.2898502390787 17.5078443966285
75.6077827582541 17.4570132203033
75.88579852201488 17.36612578712007
76.12237155267391 17.299550962103915
76.45751786099407 17.246650238769856
76.72499539620901 17.19993270352059
77.08898203105653 17.170075318555337
77.36116294450164 17.223165086929097
77.76553756971794 17.14555212342289
78.17857182333495 17.06664243990648
78.58595374106622 16.95921017775914
79.04318994467428 16.932966420282803
79.50248761310723 16.91091160869089
80.14728048575404 17.107401912863573
80.43728325528087 16.979606243165154
80.72145515464783 16.77473402411951
80.66337583398735 16.528851123389757
80.5795410399322 16.312466664701862
80.48359353422009 16.12923538912616
80.33495290832619 15.907196042333466
80.06937653640051 15.817713464578704
79.75506216737409 15.69692727231211
79.23296936084054 15.691060204896482
78.7938951631389 15.677769303207691
78.0278682367809 15.604564363104435
77.46288067322371 15.544956296252735
77.14697945833277 15.443974965064779
76.77464716310593 15.271514613312672
76.28973582581435 15.074884476828345
76.1831975972139 14.876605496118435
76.30755071027806 14.70876435996897
76.7757218886648 14.547662977049452
77.07078394918364 14.319898649026786
77.35220066217596 14.13670618997232
77.53461828208117 13.972624247213524
77.77371505301184 13.59842388810551
78.10460893500607 13.356921171208182
78.5285174361845 13.134043676251647
78.85424760466108 12.933646329993822
79.13829127253342 12.656143661462641
79.19412500660059 12.374814954984965
79.2165995019381 12.087177179852137
79.21478180686847 11.681571674845467
79.70539665548165 11.363339137159393
79.95600061741405 11.049903492543677
80.31577844838986 10.743889044774694
80.64115813272574 10.42073656728079
81.07603433469208 10.096344282955522
81.2833431069655 9.797637332275961
81.63838323696402 9.434331194278888
81.79286654877444 9.044337649414764
81.89202446590215 8.644326605864983
81.93347978716284 8.238559406609564
81.90750432492646 7.7642682681657265
81.69507500527811 7.44381188031556
81.56533995203137 7.053642136927735
81.41611764216145 6.737383609550747
81.09468858733055 6.455122992694871
80.70004930171203 6.130895726426971
80.2695468900713 5.8268115977742845
79.864908102897 5.592747553335013
79.31805279151584 5.275201847356566
78.92838913440463 4.996794790211705
78.5834054352076 4.776496477913849
78.22224285222663 4.566417963285673
77.77025614555524 4.327140259909424
77.49110290834378 4.1094792434608145
77.19578678751353 3.9009670279198545
76.98914056622334 3.67320304250061
76.66481216803444 3.4825836141693998
76.24370979754812 3.270192869767712
75.9051527762864 3.042134957052717
75.64190964594616 2.9052784053517016
75.46239784959576 2.7472679637531954
75.27545963869562 2.5945670433320984
75.06321961277143 2.3503109359933987
74.72818349528725 2.051821813478959
74.19554201162828 1.9278578822113346
73.34518139500648 1.8126162306014777
72.59648617058272 1.758548275534416
72.17568414142082 1.7014939998219631
71.50447316846086 1.5882898368097287
70.84440077343967 1.514283116160449
70.10781331313456 1.4220530392621455
69.2157459697155 1.3291356194097297
68.73000445338593 1.2905597411855254
68.06832367908427 1.2831604484851127
67.02386942765807 1.183787073963181
66.85396361177985 1.0339847707314505
66.67015898590998 0.9195176361762591
66.59175013655491 0.7631522658813239
66.42928666251552 0.6248011231250388
66.2855211877237 0.4612818125060656
66.0670151935235 0.31517691086784794
65.91969159128516 0.18762838947965577
65.68581144160274 0.1012403240200399
65.47415408922114 23.989597971667656
65.32845051680741 23.894218482373173
65.17035203194112 23.825431156408705
64.90256216795223 23.728516870957037
64.56855593715099 23.642512723624634
64.29628337114633 23.570832102096773
63.92394681018351 23.470407331576464
63.5613814268857 23.369840408223215
63.182945550485925 23.29216015508472
62.810240787824995 23.213626492072713
62.422789916418594 23.097058609545023
61.99804440240251 22.965500691178637
61.72075277088001 22.87754749521633
61.47882717404704 22.768074754859654
61.31840387453096 22.652950615791237
61.00055631967547 22.51596431867488
60.809694880773804 22.389032502588428
60.632963011190355 22.29741200584234
60.50139272102382 22.220793566597614
60.60210107044816 22.131671584988247
60.62614708999706 22.01700480302953
60.657449588033586 21.905465227705697
60.696998795624864 21.797032808418706
60.81651884299987 21.718017867664194
60.90036499425639 21.656885086468222
61.10190828627972 21.578971728822523
61.23397752492539 21.50591001578367
61.3593325876129 21.46167322185445
61.67204578858684 21.399832620856003
62.066320920392286 21.375401885204695
63.25552275277292 21.210047843356534
63.31445468763991 21.141083699471054
63.590690098382396 21.08034872560013
63.62896645579352 20.994536730397705
63.54335452055821 20.943447575839166
63.368380317382105 20.872640224733857
63.09938076435398 20.822652172031038
62.81586720526468 20.761279282331422
62.60249454845189 20.698905033175386
62.46381193577017 20.63623338142603
62.34201972917194 20.58376896312626
62.072251562047 20.51921077722971
61.752816484871545 20.48434811157179
61.41918248819002 20.437938412258283
61.07982795569106 20.39046765387169
60.74689703697007 20.363754458393757
60.316611944982554 20.32398955260326
59.965822145856976 20.29586916929211
59.42971721713246 20.263914487184337
58.781372455547256 20.22924908673748
58.20177401293151 20.19525792224689
57.69461303913488 20.150436935748463
56.98457772136632 20.136503186996293
56.353562558365184 20.124298825585903
55.7013037861872 20.111855002037117
54.92303253143342 20.10960900777803
54.36611443105849 20.12441431821833
53.54378102611358 20.122546067978526
50.48270381478832 20.09725083490816
50.964246974716474 20.065671425244176
51.54831940234371 20.010559277422487
51.89101341880968 19.96506854099826
52.391384073301225 19.948747491211513
52.74304120178803 19.90452536349062
53.35420591718014 19.86621491709445
54.20750771148997 19.834262688430567
55.276793611443765 19.80911806594691
55.96643652676238 19.801331174973782
56.41869307502296 19.788430124090247
56.97734741885455 19.766923554408983
57.51856633435091 19.75788629740054
57.9843072796225 19.700019973393978
58.33230937381356 19.663260436992218
58.44292054073074 19.57125200391303
58.625390822684665 19.517270244568262
58.73797368279375 19.448284011231102
58.84298194573657 19.390687452053697
58.80759477715716 19.30153687091542
58.735977282833886 19.23463364107872
58.67313295452047 19.166862671908753
58.33902326102938 19.0721134272885
58.18773364228139 18.996934785413725
58.40030597620145 18.92321182092443
58.69301044797476 18.866701923365248
59.1365730759546 18.803384179914236
59.76241399692162 18.79455094841754
60.249832770302646 18.822885565859238
60.68253592185454 18.863010093560977
61.14035619108853 18.891159250486275
62.210177525035164 18.91968511839243
62.40543556056758 18.863966634533682
62.64988352262023 18.79686858707288
62.78022417249818 18.73430690307661
62.874067243435604 18.682462519522954
63.01920402055083 18.618664071667585
63.090641892947275 18.547055400574116
63.071284523569176 18.497689788375137
62.95449199598238 18.38927019517485
63.23759490203079 18.296774410109045
63.56328241253004 18.22356651990811
64.03639553481563 18.14635169076933
64.42495019128097 18.11510603123376
64.87019482384949 18.072548662825927
65.23973572447707 18.02145569322184
65.8202102882056 17.978500405641835
66.38714900564642 17.915452077352544
66.82625340095083 17.85497833743449
67.2069733189563 17.806916763194835
67.71804089284709 17.736005643555455
68.36182371531442 17.69014019886407
69.71303799774071 17.572480003480546
70.21302677332253 17.558158302411133
70.74026473719522 17.584939352055574
71.13457335111377 17.61067463852357
71.5828852796732 17.69055620811915
72.59603677270673 17.63201007658174
72.96987323187122 17.64413945408103
73.46652841598251 17.6429427096741
73.95404591857388 17.64611037443856
74.3664323468079 17.66068815727797
@51.57665434372234 10.231187163687114
51.658791295994206 10.225187031535093
51.76730130465083 10.227101788305557
51.893694133678935 10.229343167605773
51.98139742571905 10.232773384979692
52.06897883180832 10.236210291421223
52.15398028252176 10.241480491689668
52.256789493461895 10.247085541774936
52.33653972078261 10.256033015564936
52.45188585225867 10.265653310038818
52.54908695016039 10.274962835951909
52.61040702440559 10.283621321225057
52.704677320096636 10.294793874808821
52.80377255644865 10.302317759468949
52.94067861387464 10.308701035368173
53.10007311700218 10.311769454961905
53.2237950732912 10.31416609947303
53.36492182242009 10.31691600628805
53.50318084328802 10.321522176705912
53.64113559970971 10.326144342160253
53.76386809809753 10.328584556636642
53.86108048381169 10.33623325515353
53.97291956059604 10.346101840558095
54.02955626504763 10.356777253612256
54.092852674805954 10.375229035608726
54.161155196554034 10.389995168903795
54.19718719584756 10.402196902140503
54.23308368965917 10.41440507576893
54.23691375298489 10.424031088438602
54.22065629433945 10.435137571509395
54.18702145901514 10.445867590509923
54.165172097577454 10.460658903773334
54.14596329433908 10.473593590735284
54.12943140381202 10.484674707343414
54.104517457651866 10.501286364485988
54.03254635543121 10.501615563653946
53.96604917618549 10.498260134457944
53.87935925556022 10.49637535114229
53.77518193321225 10.494120291244595
53.71751628593728 10.496673839134107
53.666152655269656 10.506952411064791
53.66689719309011 10.518353596275256
53.734222288934575 10.5331109394353
53.7666303060453 10.547117136093647
53.73522595625565 10.555915860679443
53.64287224739073 10.557665944056078
53.538665692477565 10.555366796122257
53.43429619856812 10.553075039269698
53.294883581769824 10.550030804775604
53.10271897567881 10.54586620348744
52.95983677332944 10.544677339667874
52.81945599039645 10.541674724364826
52.6732441142228 10.542325778036647
52.54162641134985 10.545171835486876
52.407038392141914 10.549832140878456
52.29270789424439 10.553044417510547
52.16052449467213 10.55588257472561
52.08411037350646 10.558021018563045
52.022598935502515 10.5623386983021
51.91332786166572 10.561924085396162
51.818922649879795 10.563689548501083
51.68879871061256 10.564716843988496
51.581839022684306 10.562508069439945
51.47471819467859 10.560306270349718
51.34954039931708 10.557746283174687
51.26273811677345 10.554124242569833
51.199229662604296 10.547274646558531
51.14378531966432 10.535037259722426
51.089081674627664 10.509861080462391
51.105219583238636 10.499064509809907
51.14197682191295 10.486816273107207
51.19666262309116 10.474911011151637
51.24596182668196 10.466600736137645
51.333846289041475 10.457179890975794
51.36505983218109 10.44850302078016
51.41685185389508 10.438362633538087
51.465959664389885 10.430021012347089
51.50228280941883 10.417707323311127
51.53852923715249 10.405384523391168
51.57210531216853 10.394863928981817
51.61337217608005 10.3788991331378
51.66479096730484 10.368701647294051
51.680186239579 10.357816952967132
51.6980684235636 10.345112824154464
51.69532786966025 10.333883727511196
51.67196920800845 10.324136091005247
51.63050012134454 10.314059439411803
51.59142413308351 10.302173654625603
51.552213591523184 10.29029452524588
51.4947766830833 10.278096472559577
51.4215036131223 10.263771664922338
51.418093276399816 10.252561154431334
51.4533163092791 10.240173517844184
51.57665434372234 10.231187163687114
@49.98901878418516 12.499215590988905
49.98510177205634 12.399084140886801
49.98119597301286 12.300348755997351
50.10275528636899 12.289031575591412
50.25252398471872 12.272525498405015
50.36063924813698 12.258191643673452
50.49326402375766 12.248252865193182
50.62571384340049 12.238300151540914
50.79925347263935 12.226116640350531
50.97248948132497 12.213911988345135
51.13707401421627 12.205023076388626
51.3507418607895 12.190553764407602
51.52300655554694 12.178286596873502
51.70328752068502 12.16264117438331
51.79330610639448 12.154805308865937
51.95650242831496 12.145839742436443
52.15179954953663 12.137988806566987
52.40290125779549 12.13577187673774
52.55668609930842 12.130169913287384
52.71019542099046 12.124566436571165
53.01638971207487 12.113354834164223
53.19266928271182 12.112293982993291
53.42374710962491 12.116960608480047
53.613945450537585 12.123917636112662
53.723637131766935 12.135391585343884
53.83295537807493 12.146887074530486
53.93348971641342 12.161809429462513
54.079279071252216 12.185932784629667
54.13909239744129 12.203112558140887
54.3058783178777 12.231899715680468
54.452283902372244 12.241334734206808
54.606737628293956 12.24740129091848
54.782868956298245 12.258122391353846
54.94104978106361 12.27569567957044
55.04603824364628 12.287438006701816
55.111691045568364 12.327628532386603
54.88114276494886 12.325706787010327
54.6630264269738 12.331828179792522
54.42695803297414 12.344708364383916
54.269239924408794 12.353283327071876
54.15552124976932 12.371026439365757
54.08119140570102 12.38660073918036
53.98931569995443 12.40885188971833
53.75222274881054 12.447404952370041
53.54971504837545 12.472479052054103
53.390831515099876 12.480872086650498
53.24046852623013 12.485939682860042
52.96527853679663 12.486145477931995
52.76033330399733 12.485502613023739
52.52333448681003 12.483685775612601
52.253889455807354 12.480715293550324
51.94282141036325 12.479908821181843
51.72591309069227 12.482694051702572
51.33095200507134 12.486205842255336
51.10353534750976 12.492319492519654
50.916440492215116 12.496329309405144
50.78482572836381 12.505928593958725
50.618172122480615 12.528559355066017
50.52470155668678 12.55019388473139
50.39265189913155 12.5597223452434
50.24292385720162 12.575725988735167
49.99240751876101 12.583228016574568
49.98901878418516 12.499215590988905
@