74.6949064924247 16.985022754506176
75.00184402998542 16.934672447319393
75.29013895959105 16.865764228302677
75.60815392604479 16.814938417853213
75.88629950411462 16.72404822414579
76.12296458825998 16.657472833352468
76.45818479075334 16.60457925581888
76.72572423343789 16.557867166175495
77.08975225061329 16.528024669574346
77.36187581879116 16.581140898997987
77.76634503124586 16.50353904182454
78.17946976600808 16.4246423493947
78.58696615353054 16.317218362682173
79.04422843154117 16.291006522203855
79.50354617419652 16.2689883127435
80.14814274500822 16.465584777222077
80.43826991397447 16.337795540868466
80.72262982700008 16.13291133438371
80.66476631244879 15.886960241644983
80.58110964437958 15.67050741974124
80.48530386456025 15.487212825909667
80.33682318802326 15.265090966509256
80.07131301295249 15.175553330543144
79.75708274161832 15.05469937297689
79.23500784659998 15.04878351892509
78.79595345195773 15.035452482748289
78.02998932584975 14.96216912727899
77.46504937644454 14.90250625159749
77.14920876611558 14.801475907821864
76.77696546085386 14.628943795525194
76.29214027991912 14.432231477595332
76.18566418532501 14.233891731530989
76.31005542342172 14.066010960798888
76.77825302616003 13.904889763126498
77.07334631577717 13.67708109798058
77.35478129516036 13.493856710960971
77.53721047934513 13.329743888273565
77.77631638007205 12.95546940205521
78.10721325474887 12.713929781833281
78.53112747922981 12.491024090838556
78.85686085407568 12.290599439635804
79.14090100984774 12.013053650238842
79.19671748538207 11.731676821164694
79.21917074266494 11.443993016569925
79.21732122149336 11.038328661928906
79.70794378395763 10.720049471259689
79.95854071671141 10.406564994197177
80.31831564867011 10.100494966799507
80.6436836671015 9.777277722514269
81.07854163879327 9.452804377605284
81.2858176303182 9.154026689615307
81.64080226410485 8.79061578642281
81.79520529975787 8.4005229015909
81.89425989351741 8.000412284795319
81.93558841737118 7.5945501641553825
81.90943684362924 7.12016074225063
81.69688781112023 6.799672151651229
81.56697233913292 6.409447923704185
81.41758994349937 6.093157290034874
81.09602929556542 5.810900468363627
80.70122698266167 5.486684086097018
80.27056417514382 5.182620901117154
79.86580142734266 4.9485831113517555
79.3187606108954 4.631074498711573
78.92890468405884 4.352694693156863
78.58376411350471 4.132424530946405
78.22244872098625 3.9223781343724013
77.77028513282374 3.683143047036296
77.49094863798308 3.465514773430723
77.19545809770659 3.2570392648428594
76.98860848484435 3.029312035149502
76.6641280727062 2.83873524577281
76.24286530145991 2.6263972422456057
75.90413128040916 2.398391800811627
75.64079190422456 2.261570423528454
75.46116255946697 2.1035950912651344
75.27411770241636 1.9509290798641032
75.06171182202897 1.7067251531710284
74.7265010784337 1.4083016569580273
74.19383135848267 1.2843778410816213
73.3434867327129 1.1691822036308928
72.59484086676909 1.1151443999171917
72.17405468244024 1.0581095934745193
71.50286341377364 0.9449367537698912
70.84283747880386 0.870953530981474
70.10630529112592 0.7787475516536695
69.21432558116734 0.6858534122173552
68.72864257467623 0.6472877329751476
68.06706799530306 0.639899143981367
67.02275428466402 0.540542087164603
66.8528062668529 0.3907403747299725
66.66897260348114 0.27627140435597397
66.59047749470867 0.11989904104330762
66.42793946351767 23.981539044029446
66.28405342310296 23.818005997075126
66.06543042210296 23.67188550799675
65.91797482282391 23.544321941877932
65.68401225976763 23.457920746214125
65.47221584811732 23.34626166258937
65.32637197704713 23.250868008360065
65.16816810768532 23.182068975198696
64.90021697718649 23.085136528990258
64.56605545584367 22.99911283760813
64.29363628944711 22.92741562637783
63.92106740288355 22.826967528009448
63.55823741322604 22.726377615078345
63.17957124469757 22.648675750682777
62.80660868720855 22.5701207809564
62.41874620692067 22.45352995019698
61.99348823234541 22.321949915914942
61.71582759439988 22.233984652882064
61.4734398400702 22.12450540802434
61.312537273248665 22.00938381149333
60.99406401840662 21.87240042474427
60.802647089931725 21.74548339779559
60.6254970773831 21.65387566719652
60.49358442083741 21.577271442993375
60.59402295173703 21.488181743860746
60.61769532443566 21.373555370507177
60.64866596845724 21.262059789132792
60.68792669176756 21.15367429426908
60.807309690431225 21.07469951978555
60.8910581872334 21.013598365696904
61.09255175976901 20.93573008944736
61.22455839006102 20.86270911206283
61.349912061212365 20.818498959593732
61.66271913102466 20.75670058341671
62.057199339787445 20.732295772125923
63.24692604816747 20.567062045932282
63.30584314283169 20.49813355619991
63.58220609838145 20.43743626693611
63.62047545847199 20.351667525803
63.534805263178754 20.30060153213056
63.35972743756372 20.229825418198423
63.09057506034941 20.179856710036574
62.80690845348275 20.118509338391725
62.5934347258536 20.056163085442456
62.454707369335324 19.993521192155708
62.332882713996156 19.941081673577557
62.06301183567618 19.876552609850492
61.74341868834017 19.841703762415726
61.40963590781834 19.79531408007359
61.07013698857372 19.747864296684458
60.73703793367224 19.721161933230757
60.306547348796585 19.681414265257388
59.95558507192942 19.653306153758056
59.419197108595114 19.6213651894915
58.7705029967108 19.58671527105492
58.190601778462394 19.5527403817073
57.68322198083902 19.50794226126505
56.97274417220808 19.494015515617036
56.341330041092846 19.481817880869798
55.68865358407143 19.46938148898068
54.909830815970565 19.467137941353215
54.352446777596185 19.48193570267182
53.52950213742977 19.480070316440166
50.46613394739961 19.454801828365945
50.94822933261318 19.4232403709673
51.533043987323055 19.36815877256619
51.876234025655975 19.322692290478685
52.37705494687191 19.306377171051256
52.72919009768921 19.262176392049824
53.340970675001074 19.223881179439314
54.1949959811669 19.1919383615514
55.265081067724765 19.16679795050075
55.95518443878808 19.159010058937085
56.40776951395418 19.146111727500404
56.96684310246516 19.12461068976331
57.508410904001494 19.115573961677082
57.97463865610567 19.05772698216264
58.32297100610373 19.02097856351255
58.43399941383126 18.928999879073668
58.616774679428204 18.875033205864252
58.72968790162358 18.8060653507154
58.834977480776956 18.748482625060255
58.79994159093468 18.659352413026973
58.72857477467059 18.592462877118894
58.66599358557076 18.524704021458106
58.33217055309686 18.429970835593885
58.18116079092303 18.354801676807906
58.39412907858113 18.281083215166056
58.68717031812804 18.22457464587287
59.13113225919784 18.161256574676184
59.75718715471331 18.152419639403234
60.24463225111802 18.180750198829013
60.677306493116674 18.220870134195152
61.13515727474078 18.249014957112834
62.205198069227805 18.277533483697106
62.40070511781397 18.221818191113293
62.645449303925744 18.15472286697166
62.77603454368986 18.09216301430903
62.87007403840619 18.040319415334533
63.01545627702188 17.97652091390536
63.08714428052343 17.904911199493736
63.06794305138388 17.85554424806768
62.95147779776042 17.747119623309544
63.23492610970703 17.65461689718678
63.560893873992825 17.581402408496594
64.03430998603963 17.504179926767264
64.42301098935704 17.472931355493156
64.86843648187278 17.43037000250521
65.23816450280057 17.379271821996504
65.81882346114654 17.336313264212237
66.38598617439897 17.273259248116645
66.82528338741585 17.212779535734885
67.20615318261281 17.16471347529607
67.7174267025841 17.093795444488393
68.36136187069383 17.047928924735146
69.71290975376166 16.930265883743637
70.21295761864852 16.91594951305707
70.74018078118877 16.94274427977315
71.13446940276043 16.968491174020404
71.58267156675277 17.048394079627126
72.59599227113915 16.989861969451468
72.96983301072763 17.002002775848933
73.46652148943406 17.000819648758096
73.95406402883609 17.004002577819996
74.36645329970597 17.018595998599476
@51.576435885014575 9.588232208288446
51.658597999887405 9.582232642825032
51.76712509919392 9.584145953476863
51.8935377473621 9.58638564406322
51.98125174287199 9.589814276150406
52.068843819884705 9.59324959809106
52.15385257719967 9.598517837646607
52.25667188974782 9.604120688074518
52.33642288513309 9.613065452377537
52.451775460534805 9.622682560688508
52.548980334704794 9.631989144757792
52.610298761127325 9.640645169226712
52.70456993477637 9.65181441169102
52.80367241934894 9.659335742890764
52.9405943360523 9.665716371523624
53.1000134457355 9.66878265908683
53.223754398111566 9.671177644704855
53.36490270536319 9.673925655072008
53.503180140472864 9.678529559321001
53.64115319658367 9.683149461100337
53.76390418261573 9.685588017965713
53.86112357043504 9.693234197962491
53.97296943174615 9.703099668457696
54.029602323199015 9.713772311956557
54.09288651569534 9.732219626640248
54.16118282017209 9.74698202871164
54.197206352015485 9.759180862573578
54.233094600062714 9.771386136745866
54.236913976469424 9.781010075044717
54.22064066225201 9.792114337105142
54.18698744427121 9.802842353746271
54.165117385886674 9.817630684728815
54.14589070747883 9.830562752852913
54.12934367035888 9.841641618018794
54.10440730833349 9.858249886750999
54.032422695000974 9.858579585473427
53.96591691787452 9.855225412224144
53.87921309789061 9.853341726409639
53.77501901345772 9.851087983781781
53.717339925868515 9.85364142673474
53.66595567393978 9.86391813979862
53.666688231239704 9.87531680539235
53.73401050524498 9.890070379829988
53.7664103147406 9.904073242788234
53.73499129839968 9.912870256146023
53.642618535961134 9.914620630822716
53.538394665390854 9.912322757911724
53.434007763920334 9.910032276336256
53.29457179344726 9.906989742517954
53.10237480663696 9.902827480021067
52.95946643051093 9.901639922613748
52.81906171803743 9.898639006678332
52.672820841442416 9.899290963448564
52.541174528265714 9.902137305283778
52.406555289523254 9.906797483302975
52.29219894872713 9.910009812828722
52.159986463361264 9.912848223453683
52.08355495215022 9.914986691512892
52.02202679850956 9.919303776085759
51.91273433179151 9.918890003016335
51.81830836985304 9.920655685641396
51.688157180038274 9.921683609578356
51.58117817980224 9.91947607585769
51.47403794119029 9.917275516957094
51.34883737547199 9.9147169757888
51.26202122361863 9.911096383551172
51.198507138079236 9.904248863730963
51.143064823014896 9.892014806413883
51.088378410636466 9.866845083815512
51.104532165190136 9.85605100510615
51.14131137591164 9.843805455994387
51.19602259998564 9.831902657027271
51.24534191036787 9.823594010081912
51.333255693069304 9.814174761206013
51.36448632775705 9.805499717565468
51.4163015177798 9.795361338815809
51.46542977349 9.787021309629898
51.50177607436456 9.774710233807577
51.53804587849518 9.762390035366565
51.571642603871254 9.751871629252033
51.61293920899715 9.735910211137938
51.664382075711416 9.725714663620082
51.67979551324831 9.714832351605903
51.697699121677886 9.70213099248562
51.69497414537631 9.690904491849357
51.67162515281345 9.681159284186528
51.630162930170684 9.67108529159627
51.59109719596796 9.659202557059844
51.551897160403826 9.647326475805558
51.494468059740825 9.635131704120269
51.421203455126744 9.620810802287334
51.417810321925 9.609602859444495
51.45306000659443 9.597217692228565
51.576435885014575 9.588232208288446
@49.99065829895946 11.899283351033933
49.98680070972577 11.799140742972149
49.98283009155935 11.699023621180505
49.98166235936654 11.656901417346763
50.10253242012291 11.645649436829183
50.25229064382438 11.629145670446487
50.36039507921254 11.614813795209704
50.493019131994316 11.604876556891531
50.62546860514999 11.594925398083053
50.799009683205384 11.582743838287216
50.97224772303255 11.57054115855772
51.13683865628195 11.561653797666132
51.3505113438261 11.547186885335831
51.52277977777072 11.534921746614437
51.70306156736305 11.519278828031325
51.793080850549956 11.511444225104137
51.95628572367977 11.502480272794317
52.151597224515285 11.494630898606287
52.402727698991015 11.49241494833955
52.556525057082155 11.48681414648227
52.71004706471513 11.481211833969637
53.01626721986858 11.470002566909168
53.19256816334311 11.468942353802417
53.42368084101477 11.473609033631197
53.613911190893106 11.480565722133653
53.723629508545656 11.492038539979415
53.8329742591516 11.503532923579424
53.93353772084336 11.518453755503776
54.079371960497014 11.542574684567478
54.139211887555604 11.559752647047679
54.30605032890264 11.58853711347807
54.45248377857786 11.597971614781672
54.606962330952115 11.60403807541127
54.78312605656939 11.614758684369303
54.94134462870363 11.632330740676977
55.04635809175346 11.64407228067275
55.112063545315635 11.684259124250037
54.881487912735366 11.68233662094919
54.66335504513066 11.688456544571695
54.427276712446 11.701334550543502
54.26955234387552 11.709908071237988
54.15584390383876 11.727649070024828
54.08152617569917 11.743221646795929
53.98966991603973 11.765470445197698
53.752604972364765 11.804019263159553
53.55011256524355 11.82909050646511
53.39122611959917 11.837482233248082
53.24085659682373 11.842548827381693
52.96564194781979 11.842753516410154
52.76067728067059 11.842109907587375
52.52365444991099 11.840292314494667
52.25418076965869 11.83732107276366
51.94308375685836 11.836513545103651
51.72616067628104 11.839297785659015
51.33117081296362 11.842807940089658
51.103744752294546 11.8489203379121
50.91664079371975 11.852929221461734
50.78503143273133 11.862527314812068
50.61840359113776 11.885155788525905
50.52496392969783 11.906788418000557
50.39292129252141 11.916315781289143
50.24321121220012 11.932317845510054
49.99256669720626 11.93982232526026
49.99065829895946 11.899283351033933
@