74.69462771697465 17.522865466653005
75.00129264009215 17.4725023607057
75.2892496143698 17.4035912407709
75.60701172728673 17.35274901273507
75.88475920186332 17.261867350857578
76.12114198458616 17.195293743654744
76.45613556403123 17.142378292760032
76.72348514639685 17.095649539175813
77.08738623116807 17.065761411722026
77.35968561312234 17.118796461511693
77.76386473422912 17.041160608850777
78.17671196766804 16.962224144587676
78.58385730018719 16.854774870190774
79.04103955468324 16.828465190660005
79.50029566359365 16.806334776233996
80.14549400843055 17.00260556017059
80.43523966952256 16.87479672546118
80.71902304141884 16.6699494769706
80.66049789221526 16.424207679108875
80.57629514825956 16.207964622468882
80.48005490692549 16.0248642787687
80.33108393026376 15.802995516368494
80.06537087740858 15.713626708450704
79.75088286085716 15.592980544323826
79.22875312833659 15.58721423452634
78.789638080029 15.574006229559965
78.02348152088666 15.500963284308146
77.4583956610625 15.441468450110316
77.14236929857569 15.340588396694278
76.76985323801114 15.168276332202202
76.28476400149884 14.971816008734887
76.1780974776909 14.773662597311933
76.30237187334475 14.60590336925868
76.77048848395444 14.444842949385063
77.06548607927365 14.217170246007194
77.34686509156523 14.034043767017598
77.52925885534464 13.870025633277919
77.76833684776244 13.495978435477145
78.09922458111024 13.254551970233024
78.52312127482779 13.03173273664492
78.84884483283048 12.831391806646245
79.13289578056066 12.553978225710951
79.1887652040144 12.272748936220067
79.21128360539285 11.985206254297534
79.20953169114483 11.579722329862369
79.70013057058074 11.261586163532943
79.9507490318394 10.948251393388114
80.31053280987214 10.642351749231455
80.6359365452387 10.319333049355272
81.07085033805203 9.995108185547911
81.27822677590842 9.696547344510657
81.63338146314692 9.333457592647111
81.78803053370146 8.94366926180469
81.8874018238493 8.543863943375076
81.92911902509712 8.138292898778127
81.90350734261443 7.664204927980628
81.69132536418894 7.343815196896774
81.56196308247863 6.953758184214674
81.41307157539714 6.637566144569792
81.09191451324119 6.355297828066195
80.69761222136754 6.03104823112761
80.26744140250793 5.726920965340376
79.86305891698899 5.492802764127017
79.31658717105245 5.175180526428708
78.92732106158326 4.896717258194791
78.58266174416582 4.676360844103918
78.22181516448785 4.466216012421516
77.7701942644332 4.2268502890213675
77.49142000147094 4.009121655060124
77.1964645980193 3.800533613107696
76.99023900182155 3.572693703030108
76.66622501790928 3.3819861567200107
76.24545442841344 3.1694863986675834
75.90726350587815 2.9413200268482314
75.64421946065818 2.8043907577109906
75.4649507917178 2.646307736692002
75.27823316268186 2.4935346450523106
75.06633616888084 2.249170655680537
74.73166123323207 1.9505458363450323
74.19907820522931 1.8264989381621035
73.34868461130691 1.711162113325969
72.59988739237872 1.657031792130116
72.1790526370007 1.599937249260119
71.50780097517733 1.4866683045395561
70.8476325616601 1.412612985210096
70.11093086237776 1.3203330707605616
69.21868237415453 1.2273675034880256
68.73281990675795 1.1887705321199356
68.07091959847949 1.1813491014435051
67.02617481162866 1.0819419804926795
66.85635624237537 0.9321384565004394
66.672611644791 0.8176751183751776
66.594381116334 0.6613242099126921
66.43207176675148 0.5229913773618335
66.28855552380355 0.35950047377681926
66.07029139744537 0.21342780729665733
65.92324065045892 0.08591040035596365
65.68953084929967 23.99954948876301
65.47816094019058 23.88794173986293
65.33274737520208 23.79259154828732
65.17486672157986 23.723828436483096
64.90741019120381 23.626951713778418
64.57372492734066 23.540987990004755
64.30175536649048 23.469341683136875
63.9298989939233 23.368965167655606
63.56788051934174 23.26844580365678
63.18992060673989 23.19081025826597
62.81774865001907 23.11232067655047
62.43114852330933 22.995800283941513
62.007462207682806 22.864288144274646
61.73093327553889 22.776359934452387
61.48996295101736 22.666900683701463
61.33053033366329 22.551771323062905
61.013976110776696 22.414779051253213
60.82426293198131 22.28781668093972
60.64839540035612 22.19616980158099
60.517532821734505 22.1195219752706
60.618799039328735 22.030333223392184
60.643617535761535 21.915582858634465
60.67560611281459 21.80395227385379
60.715751736465506 21.6954227737423
60.83555516429368 21.616324726884503
60.91960323030514 21.555126505162004
61.12124938086501 21.47711986446195
61.253448077758975 21.40397385866423
61.37880604542943 21.359681935420348
61.69132527138473 21.297753957415594
62.08517656797497 21.273269576101843
63.273293492116494 21.107666565112417
63.33225602661625 21.0386286403142
63.608227736278394 20.977815686463416
63.64651842394534 20.891914183968694
63.56102681688853 20.840777100537945
63.386266651731546 20.769905106989896
63.1175828589258 20.719877020186722
62.83438548074324 20.658451321372837
62.62122155653043 20.596019136711142
62.48263124202836 20.533285905076905
62.36090593917538 20.480769961990937
62.091349837489304 20.41615151246438
61.77224132270146 20.38126024868381
61.43891463944712 20.33480912538058
61.09985831055786 20.28729496123674
60.767274746893435 20.2605593466234
60.3374141360579 20.22075876604888
59.98698062730756 20.192612984594142
59.45146041153308 20.160629908303143
58.8038373478482 20.12593246109988
58.22486432725208 20.091907610828
57.71815520397405 20.047039305433337
57.00903403701031 20.03309105006064
56.37884307206875 20.02087275590665
55.727447123070505 20.008413540502396
54.95031520188735 20.006162463945277
54.39435975941589 20.02098337753001
53.57328894976007 20.019109180770045
50.516943091663364 19.993758538652713
50.99734542073642 19.96214200071036
51.5798842790326 19.906966670526764
51.921553291769754 19.861425772309484
52.420993800817854 19.84509247043016
52.77166309019347 19.80082619657508
53.38155533143254 19.762484262635983
54.2333623405689 19.730512599427318
55.300997149797524 19.70535930348633
55.98968880503236 19.697574504932263
56.44126655907124 19.684667845884647
56.9990546098081 19.66314985624408
57.53955267682099 19.654111524104522
58.00428743283382 19.596205219047793
58.35160693830605 19.559422709683908
58.46135539112208 19.46735278477697
58.6431951817238 19.41333985176014
58.75509501706071 19.344315643832225
58.8595216773746 19.286690506767453
58.82340814913897 19.197497848192626
58.75127229994504 19.130566336641763
58.68788387970332 19.062770358081714
58.353181309860446 18.967987961165726
58.20131303715655 18.892789760137017
58.41306694981108 18.81905754373124
58.70507540382968 18.762544948051374
59.14781279624273 18.699227938803382
59.773211685842455 18.690402383690724
60.260576268547624 18.718745379990406
60.693339385561785 18.758879382817234
61.151096790351716 18.78703749091886
62.220464907120515 18.815578542401575
62.41520821733107 18.75985350150081
62.659043877829674 18.692749874053927
62.788878934443005 18.63018444967086
62.882315979312466 18.578338482314805
63.02694538266897 18.514540193411232
63.097866215239264 18.442933732322984
63.07818608054825 18.393570924599334
62.96071703084115 18.285161811735193
63.24310606070321 18.19268044829611
63.56821437924478 18.119486256862587
64.04070134979989 18.042287309111686
64.42895359691852 18.01104769558193
64.87382449332009 17.968498599253685
65.24297870516557 17.9174164413611
65.82307224019323 17.8744679496519
66.38954807532022 17.811431427636347
66.828254010394 17.750970078369942
67.20866420877374 17.702917812921964
67.71930619585947 17.632021029966012
68.36277421309234 17.58615784270507
69.7132991279679 17.468503615103913
70.21316580406781 17.454170909778153
70.74043436909801 17.480923595192618
71.13478430772412 17.50663487644305
71.58332309294155 17.5864722981475
72.59612488387666 17.527897232891288
72.96995249487185 17.54000298313165
73.46653886302212 17.538778098122556
73.95400461187634 17.541914215140515
74.36638515364612 17.55645966937461
@51.57710562348993 10.128742420278005
51.65919055358944 10.12274111718765
51.76766523590058 10.124658864163678
51.89401709870492 10.126903735287025
51.981698269281 10.130337230413765
52.06925762108949 10.133777412979711
52.154243974150205 10.13905166707509
52.257032309944975 10.14466126505689
52.33678095968159 10.153614340539399
52.45211378105827 10.16324122234082
52.54930708270956 10.17255683039946
52.61063057235245 10.181220403169279
52.70489906449859 10.192399802277682
52.80397932478925 10.199928966206553
52.9408526040219 10.206317715509323
53.10019624315993 10.209390543491292
53.223878932704196 10.21179061807749
53.364961119003084 10.21454444614682
53.50318207761228 10.219155302106428
53.64109900840248 10.223782147935868
53.7637932906176 10.22622578979993
53.86099120759772 10.233879695290664
53.972816266971336 10.24375472064052
54.029460862048694 10.254435859415608
54.09278254166583 10.272896876919187
54.16109792662769 10.287670724059913
54.19714743876864 10.29987845132826
54.23306098693544 10.312092619167984
54.23691314930559 10.32172292021464
54.22068847558967 10.33283399473648
54.18709164905857 10.343568153109004
54.16528508306811 10.35836563162699
54.14611324057768 10.371305732520947
54.129612668835506 10.38239150355859
54.104745072137575 10.399010165623075
54.03280190158691 10.39933833177262
53.96632249484114 10.39598030584763
53.879661307204145 10.394093253287636
53.7755186356639 10.391835469736364
53.717880774885515 10.394389234350296
53.66655978025639 10.404671649037585
53.66732909172819 10.416078043219745
53.73466002915302 10.430843177960847
53.76708502115167 10.444856266738359
53.735710996024096 10.453658528980881
53.64339667757372 10.455408009830556
53.53922591818812 10.45310622559449
53.43489240972994 10.450811831908348
53.29552807027392 10.447764080993997
53.10343040228415 10.443594643863127
52.96060230797181 10.442403078689287
52.82027099244215 10.439396949637704
52.674119068632166 10.44004613574078
52.542560512878396 10.442891604800721
52.408037035830034 10.447552173064926
52.29375996419793 10.450764339957512
52.16163669456296 10.453601972823831
52.08525852460767 10.455740366328948
52.02378164495548 10.460059276325522
51.91455479564357 10.459642926755858
51.8201924810017 10.461407935705495
51.690124876389206 10.462433931484693
51.58320511057437 10.460222591247883
51.476124407805486 10.45801822778385
51.350993682793984 10.455455250654731
51.26422006909297 10.451830215340227
51.20072325159083 10.444976326706856
51.14527470779504 10.432732056098724
51.0905354198934 10.407542527929863
51.10664056284318 10.396740805436847
51.14335237049383 10.384487012506247
51.19798560709228 10.372576658763856
51.2472432385523 10.364263018078073
51.33506708133814 10.354838873129154
51.366245285082584 10.346158226861899
51.4179894040642 10.336013687517465
51.46705494254914 10.327668775266496
51.503330208494106 10.315349683906899
51.539528301051405 10.303021505946875
51.57306167770619 10.292496387707331
51.61426704529234 10.27652460911389
51.66563605776727 10.266323116347872
51.68099376812543 10.255433497061077
51.69883165085193 10.24272364248049
51.696058883550506 10.231489179043612
51.67268022386628 10.221736521225923
51.63119693721529 10.211654372417385
51.59209973895014 10.19976228161608
51.55286746631617 10.187876850627966
51.49541440379204 10.175672014818048
51.42212381752839 10.161339132331179
51.41867790483229 10.150123313787756
51.45384582917296 10.137730572584042
51.57710562348993 10.128742420278005
@49.989108594203174 12.399211737304057
49.985197875777374 12.299080517675566
49.98121030525468 12.198975230547067
49.981207649672115 12.198831159125787
50.103215464130216 12.187470010571673
50.25300583199615 12.170959156287003
50.36114349286447 12.156621209417477
50.49376977276887 12.146679246789372
50.62622031856637 12.136723318623636
50.79975696482339 12.12453577302696
50.97298878651657 12.112327043425982
51.13756009728206 12.10343492456995
51.35121795003812 12.088960651342889
51.52347492620106 12.076689289274327
51.703754200596194 12.06103869010756
51.793771351147996 12.053200214252401
51.956950003693066 12.044231310497741
52.15221740604545 12.036377145548762
52.40325965090176 12.034158189714194
52.55701862262151 12.028553824389915
52.710501724252964 12.022947940397438
53.016642557438644 12.011731509076263
53.19287794670939 12.010669338125782
53.42388372634596 12.015335850224961
53.61401589296045 12.022293578011377
53.72365250296687 12.033769865467798
53.83291595125078 12.04526763953113
53.93339007512162 12.060193142221603
54.079086627049776 12.084321511677295
54.138844951921556 12.101505028441602
54.30552228137 12.13029774780188
54.451870256803886 12.139733834663712
54.60627265772476 12.145800589138227
54.782337006620025 12.156522704492215
54.940439788823966 12.174098538175823
55.045376563090656 12.185842491700212
55.110920497683026 12.226040627756435
54.880428758988785 12.224120450355095
54.662346585665034 12.230244881100017
54.42629872659268 12.243129570142402
54.26859355163032 12.251707514244613
54.1548537068432 12.26945499561906
54.08049880527656 12.285032857196732
53.98858288423858 12.30728886980291
53.75143200642165 12.345850706865015
53.54889267131006 12.37093071125462
53.39001515017287 12.3793264497563
53.239665662231744 12.384396117929214
52.96452664443183 12.384604200616824
52.75962158337421 12.383962874442728
52.52267240436788 12.38214760026267
52.253286594679196 12.379178689840867
51.9422784256997 12.378374400287992
51.72540061370594 12.38116167803054
51.33049900721542 12.384676852193438
51.103101778477935 12.390793092125342
50.916025734537385 12.394804838939974
50.78439979141234 12.404406586019242
50.61769290363071 12.427042075205803
50.52415843269122 12.448680532248009
50.392094251813546 12.458211260937109
50.242329063054854 12.474218168806422
49.99244971528938 12.481703956372833
49.989108594203174 12.399211737304057
@