74.694722935833 17.504950682597094
75.0014797122231 17.454591876486788
75.2895505534101 17.385681717167987
75.60739786160721 17.33484500794646
75.88527946543894 17.243960449607965
76.12175736118877 17.17738622539226
76.45682729813916 17.124478130564256
76.72424085092055 17.077754979408642
77.08818470998327 17.04788221680342
77.36042487251228 17.100944628001557
77.76470173773839 17.023320207744405
78.17764247418495 16.94439712084259
78.58490608726123 16.836956336311577
79.04211532346301 16.8106796070801
79.50139222185794 16.788586982442634
80.14638789215786 16.984967533670027
80.43626209448863 16.857165258660572
80.72023970062406 16.65230549331133
80.66193740967347 16.40649312355119
80.57791858833733 16.190179354647427
80.48182466920264 16.007013540527442
80.33301881215365 15.785059486535884
80.06737407020427 15.695633803540881
79.75297284080276 15.57491763729708
79.23086155366946 15.569100966318288
78.79176691541662 15.555851526122469
78.02567513874047 15.482727604051686
77.46063840313724 15.423176167002278
77.14467458964916 15.322245483398993
76.77225037572111 15.149859287344668
76.28725005146177 14.953314072564899
76.18064764803464 14.7550978862641
76.30496138506356 14.587297709733555
76.77310526905944 14.42621680872375
77.06813508041546 14.198498299530371
77.34953293235733 14.015338835278286
77.53193861543289 13.851288802525907
77.77102598084113 13.477165039272602
78.10191678203196 13.235700455421352
78.52581937527154 13.012852096465874
78.85154623540785 12.812482964133993
79.13559354002808 12.535024849701522
79.1914451173021 12.25374586391503
79.21394156597106 11.966155646978407
79.21215676416881 11.560610946756444
79.70276363180395 11.242426608180015
79.9533748489414 10.92904141469318
80.31315566126233 10.623084386006282
80.63854738243734 10.299998817911193
81.0734423964492 9.975690271699502
81.2807850193393 9.677056398372093
81.6358824576796 9.313858488316503
81.79044868346017 8.92396757791816
81.88971332740559 8.524059419535423
81.93129963295058 8.11839031232807
81.90550611381096 7.644200761962259
81.69320049089578 7.323777688986188
81.56365186200395 6.933664296069814
81.4145949806682 6.617438993931227
81.09330193313522 6.3351745025687904
80.69883115307064 6.010936042151901
80.26849453988908 5.7068303176196515
79.86398389959524 5.472739174146955
79.31732036263827 5.155155176087192
78.92785547158087 4.8767199916158255
78.58303395259097 4.656392612220724
78.2220293573771 4.446280924855717
77.77022553396634 4.206959197132857
77.4912617662728 3.9892643591932284
77.19612598394059 3.780714219974989
76.989690053272 3.552912261318756
76.66551883892998 3.3622487681859923
76.24458233098017 3.149803512966969
75.90620833101391 2.9216913671825893
75.64306472554941 2.7847984563047703
75.46367447504514 2.626751723953795
75.27684653823681 2.474014717881275
75.06477800444551 2.2297046700198493
74.72992245140952 1.9311477024586026
74.19731018217954 1.8071422930794157
73.34693306301315 1.6918530620744718
72.59818683291124 1.637753929124834
72.17736843530872 1.5806795225440275
71.50613710981025 1.4674429726227274
70.84601669985398 1.393411955807263
70.10937211457949 1.3011569631423825
69.21721419370425 1.2082154724653726
68.73141219963475 1.1696290489513856
68.069621655802 1.1622186887737271
67.0250221331568 1.0628284428824202
66.85515994098114 0.9130255291587446
66.67138532997899 0.798560292645071
66.59306564329358 0.6422021525320147
66.43067923420764 0.5038601640739202
66.28703837995846 0.3403550555701358
66.06865332538439 0.19426626992025575
65.92146615709214 0.06673330394674082
65.68767118743145 23.98035881402577
65.47615756511954 23.868733761216003
65.33059900454475 23.773368918605264
65.17260944243193 23.70459369794845
64.9049862572655 23.607698191019935
64.57114052394863 23.52171425245308
64.29901947380037 23.45005078541573
63.92692302813427 23.349650137918537
63.56463112323033 23.249106989129015
63.186433253293956 23.17144908509548
62.81399492109463 23.09293745742923
62.42696945944229 22.976393312042568
62.00275359022365 22.844858273601638
61.725843340456606 22.756917564220963
61.48439541336981 22.64745156156949
61.324467482327066 22.532324805828893
61.00726663557347 22.39533551424154
60.8169793549782 22.26838841748659
60.64067967750762 22.176754727691886
60.50946326030049 22.100121594687145
60.61045053686533 22.010966232824476
60.63488279592477 21.89625766644516
60.666528333645516 21.784672595776676
60.70637574939127 21.676191647630027
60.82603747960067 21.597135164903577
60.909984584450996 21.535969672572925
61.11157929433131 21.45800968706743
61.24371325859872 21.38490584033211
61.369069769042795 21.340641490233047
61.68168596719883 21.278757214345383
62.07574915712786 21.254299664163362
63.26440849690283 21.088821175959975
63.32335574528014 21.019820153244076
63.59945930767694 20.959046201223707
63.6377428531616 20.873189466393804
63.55219110216859 20.82207635510274
63.37732395046632 20.751236693266154
63.10848230971527 20.70122863040769
62.8251268802521 20.639829345033853
62.61185862728507 20.577426137516923
62.473222198401686 20.514723705396037
62.35146347423213 20.462233532577713
62.08180138723242 20.39764522430668
61.76252963073517 20.362768264664027
61.42904933872626 20.316337860198352
61.089843959225874 20.268845405966058
60.75708676054387 20.242121005108118
60.32701396946132 20.20233826817187
59.97640236485597 20.17420519037583
59.44058986626632 20.142236316858835
58.79260604702279 20.10755489961023
58.21332040656583 20.073546898685393
57.7063854505715 20.02870226036717
56.99680731966038 20.01476126307619
56.36620436261566 20.00254993966763
55.714377120763515 19.990098424832993
54.936675679933614 19.987849893489223
54.38023901451166 20.002663006183752
53.5585370893956 20.00079178697282
50.49982640526491 19.97546886894694
50.98079900700964 19.943870897412722
51.56410449474737 19.88872716245107
51.90628592866426 19.843211348158768
52.40619138535001 19.82688417090225
52.75735452164349 19.782639971702864
53.367882870609265 19.74431378034524
54.22043710150973 19.712351830788748
55.2888972607314 19.68720286595307
55.97806442923857 19.679417017177688
56.42998151176985 19.666513159838946
56.98820263159931 19.645000877330784
57.52906104807295 19.635963079657632
57.9942988578421 19.5780767630869
58.341959626135576 19.54130573816809
58.45213945354109 19.449266557315347
58.634294483667105 19.395269208492426
58.746535836295436 19.32626398435294
58.85125329879159 19.268653132559365
58.8155029706964 19.179481506968408
58.743626315644036 19.11256413132503
58.68050995380287 19.04478065167791
58.34610386069838 18.950014822840387
58.19452492745248 18.874826393573425
58.406688020456045 18.801098793455928
58.699044446071355 18.744587538749762
59.1421944039281 18.681270152854232
59.767814251419395 18.672440756323414
60.25520589071789 18.700779565007117
60.68793899174338 18.740908833499816
61.14572779213381 18.76906246753491
62.21532243341065 18.797595926217138
62.41032309141724 18.74187415698279
62.65446488301589 18.67477331105661
62.784552723495125 18.612209749154715
62.87819277068394 18.560364567251195
63.02307584452984 18.49656619074703
63.0942551826528 18.424958615715905
63.074736423622 18.37559439973047
62.957605619923214 18.26718003354805
63.240351550554834 18.174691447231496
63.56574942982269 18.10149039681644
64.03854943341727 18.024283498208785
64.42695285985377 17.99304085725526
64.87201059458422 17.95048761910741
65.24135812272712 17.899400048853266
65.82164213980636 17.856448153310502
66.38834938066827 17.793405720201875
66.8272545165043 17.732938168349254
67.20781955129485 17.684881242784183
67.71867429986472 17.613977283326857
68.36229969332962 17.56811296148139
69.71316923742572 17.450455735712204
70.21309695270239 17.436128529841326
70.74035021704535 17.4628953982688
71.13467949463075 17.48861868332483
71.58310486371482 17.56847818528837
72.59608148410146 17.509917577745696
72.969913518971 17.5220351414411
73.46653429209877 17.520824324700353
73.95402591651236 17.52397621392066
74.36640940312384 17.538537832199083
@51.576880045142076 10.109928713443585
51.658990986431434 10.103927995714116
51.767483330713446 10.105844247506965
51.893855675251615 10.108087372626162
51.981547905370434 10.111519228824923
52.06911828314756 10.114957773277718
52.154112183664694 10.120230000422861
52.256910955502576 10.125837324407495
52.33666039229158 10.134787599034244
52.4519998666666 10.144411187137496
52.5491970646122 10.153723754101236
52.61051884509649 10.162384783124192
52.704788237067476 10.173560759459479
52.80387598386818 10.181087283719515
52.9407656505924 10.187473296252548
53.10013472037875 10.190543919940183
53.223837042273516 10.19294227941246
53.36494150884627 10.195694146769013
53.5031814972985 10.200302659885542
53.64111733965183 10.204927165457047
53.76383072903104 10.207369093557082
53.86103587910958 10.215020395536344
53.97286794566759 10.224892200891203
54.0295085941562 10.235570476822902
54.09281763687264 10.254026876621067
54.16112658862198 10.268796866863385
54.19716734314156 10.281001597146478
54.23307236296267 10.293212767909194
54.23691347501202 10.302840924802727
54.22067240801064 10.313949703649723
54.1870565763752 10.32468179239309
54.165228611607404 10.339476188344419
54.146038287843 10.352413582322011
54.12952205595343 10.363497026184936
54.10463128342076 10.380112185844245
54.03267414727358 10.38044086854203
53.966185854765484 10.377084141009334
53.87951030110011 10.375198223114168
53.77535030472734 10.372941801441783
53.71769855073779 10.375495457731091
53.66635623753018 10.385775951089597
53.667113161344815 10.397179740806735
53.734441176687795 10.411940979746353
53.76685768017498 10.425950622468477
53.73546849224408 10.434751115910103
53.64313447879587 10.436500898071893
53.53894582217461 10.4342004320375
53.434594321532444 10.431907356819654
53.29520584414874 10.42886136418558
53.10307470817111 10.424694345075283
52.96021956052115 10.423504130655589
52.819863512116285 10.420499758553959
52.67368161272498 10.421149878523781
52.54209348379453 10.423995641854408
52.40753773593556 10.428656078759651
52.29323395146554 10.43186830058709
52.16108061728147 10.434706195702786
52.08468447193047 10.436844614417174
52.02319031307178 10.441162909318425
51.91394135207952 10.440747428143393
51.81955758921063 10.442512664223898
51.68946181786998 10.44353930993164
51.582522091749155 10.441329252603184
51.47542132712951 10.439126171391141
51.35026706786027 10.436564689316072
51.263479120544446 10.432941151412411
51.19997648567201 10.426089409135892
51.14453004371845 10.413848580459605
51.089808579910994 10.388665726796527
51.10593010661981 10.377866580216704
51.14266463073727 10.36561556537648
51.197324150448765 10.35370775748802
51.24660256848534 10.345395799600563
51.33445672143512 10.335973304477836
51.365652595561215 10.327294546216542
51.417420666617744 10.31715208287501
51.466507341655245 10.30880881610745
51.50280654820787 10.296492425863262
51.539028809439486 10.284166936872971
51.572583536198636 10.273644080500503
51.613819653442135 10.257675793210565
51.665213556084666 10.247476303837738
51.68059004854089 10.23658914698521
51.69845008324836 10.223882155231665
51.69569342399717 10.212650375152474
51.67232476467814 10.202900227970973
51.63084857957119 10.19282082776156
51.5917619880947 10.180931889947695
51.55254058281932 10.16904960974117
51.495095599386815 10.156848165481335
51.42181377378694 10.142519320407189
51.41838565061849 10.131306155832034
51.453581130611525 10.118915966835434
51.576880045142076 10.109928713443585
@49.98982977180913 12.399242998120398
49.98594289646218 12.299106632406701
49.981961791032944 12.198995989204283
49.98151865082585 12.179524404426301
50.1029854728813 12.1682147123895
50.25276500361949 12.151706246604466
50.360891463840176 12.137370345753242
50.4935169899388 12.127429975197773
50.62596717100402 12.11747565428959
50.79950530667534 12.105290125906583
50.97273921980545 12.093083435117093
51.13731713993624 12.0841929197451
51.35097998716063 12.06972112716975
51.52324082062242 12.05745186239118
51.70352093807267 12.041803851572741
51.79353880505451 12.033966680893032
51.95672629068147 12.024999445846236
52.15200855082233 12.017146895510262
52.40308052597675 12.014928952820293
52.55685243138373 12.009325788496678
52.71034864184682 12.003721108206937
53.01651620164236 11.992507091474664
53.19277368072429 11.991445580521058
53.42381548337059 11.996112149489267
53.61398073687448 12.003069527362097
53.72364488294099 12.014544645843907
53.83293573067857 12.026041277608801
53.93343996252278 12.04096520657703
54.07918291714262 12.065091069137152
54.138968743728014 12.082272714426734
54.30570037009099 12.111062653183476
54.452077150080044 12.120498206042509
54.60650521323214 12.126564861783667
54.78260305164375 12.137286469875376
54.94074485564357 12.154861031061523
55.04570747439789 12.166604171548387
55.11130584509837 12.20679850276863
54.88078583644389 12.204877541206322
54.6626865823051 12.211000452868985
54.42662845786967 12.223882889628843
54.26891681752639 12.232459342987834
54.15518755966127 12.250204639892301
54.080845188332745 12.265780720670033
53.98894937698671 12.28803430237274
53.75182746648139 12.326591752419773
53.54930395157899 12.351668804560475
53.390423425878765 12.360063191090779
53.24006718871527 12.365131823238917
52.96490268677525 12.365338761956291
52.75997754104972 12.364696666288152
52.52300354427672 12.362880610337019
52.25358812537948 12.359910913911428
51.942550020038624 12.35910553276722
51.72565695576532 12.361891786805888
51.33072561246166 12.365405268984196
51.103318671217465 12.371520214023423
50.916233223101244 12.375530995816895
50.784612871181764 12.38513151166478
50.617932627112936 12.40776463696572
50.52443011093641 12.429401130506113
50.39237319328373 12.438930725147099
50.24262658008212 12.454936000934117
49.992582450394025 12.46242529708395
49.98982977180913 12.399242998120398
@