74.69478535684937 17.676656592772026
75.00160304537184 17.62630064509434
75.28974939805465 17.557391132223824
75.60765320308289 17.50655808998009
75.88562375735606 17.415671623079483
76.12216472924393 17.34909699869564
76.45728530218548 17.296193789765233
76.72474127676077 17.24947436069404
77.08871349786281 17.21961179270404
77.36091437898597 17.272692343372945
77.76525606156497 17.195075516719857
78.17825880238135 17.11616131393801
78.58560085389797 17.00872617648471
79.04282797226162 16.982471306564236
79.50211864426876 16.96040375102278
80.14697986465987 17.156857074833038
80.43693930973512 17.02905917433554
80.72104573414472 16.824191144584933
80.66289126967715 16.578332005147416
80.57899445473814 16.361971363327235
80.48299760387727 16.17876214441086
80.33430128980595 15.956751537715116
80.06870187354886 15.867288133218443
79.75435822817019 15.746525539346415
79.23225919054227 15.740675457277955
78.79317810185509 15.727398529243963
78.02712931617674 15.654220893299442
77.46212517843347 15.594631911239885
77.14620286499473 15.49366764802926
76.77383958910957 15.32123228621926
76.28889825873006 15.124630768052521
76.1823383999195 14.926372948510283
76.30667824109898 14.75854561521621
76.77484022011583 14.597451133895856
77.06989141036749 14.369702246280422
77.35130176561464 14.186520906105612
77.53371536136802 14.022449716859944
77.7728089594113 13.648275170621895
78.10370180186052 13.406785304516552
78.52760831137991 13.183917628313786
78.85333736439611 12.983529790217741
79.13738225698344 12.706042136782932
79.19322200310333 12.424730186742718
79.21570389582857 12.13710843924495
79.21389728499838 11.731523426047627
79.70450944517606 11.413307132368024
79.95511585303578 11.099888490694621
80.31489469034256 10.793893394521378
80.64027843310103 10.470763467188092
81.07516097762442 10.146399405192591
81.28248116006833 9.84771708343944
81.63754060713018 9.484447421348042
81.79205186507701 9.094488465972043
81.89124575351119 8.694512095301294
81.93274522067958 8.288777952088108
81.90683107724945 7.814521045356327
81.69444344385815 7.494075880148205
81.56477121613455 7.103925121089613
81.4156046545506 6.7876777850076095
81.09422143071225 6.5054158570940785
80.69963892607566 6.181184812444606
80.26919238176612 5.877093400815792
79.8645967736345 5.643020220567095
79.31780608003902 5.325461605963401
78.92820939670776 5.047045066265795
78.58328034280024 4.826736956000666
78.22217099172386 4.61664726042827
77.77024590427894 4.377354719559516
77.49115650612191 4.159682303894471
77.19590114701234 3.9511573073844204
76.98932577961898 3.7233805241992215
76.66505034034813 3.5327462466480917
76.24400385207855 3.3203371335800362
75.90550849476506 3.0922609458936563
75.64229889602993 2.9553921426288454
75.46282805135527 2.7973694723922122
75.2759269942674 2.64465639266648
75.06374474839023 2.400382109827653
74.7287694673615 2.101870127234065
74.1961378247019 1.9778922208405376
73.34577164433651 1.8626345386555982
72.59705923133475 1.8085560791551636
72.17625168552885 1.7514950208208013
71.50503385283744 1.6382799457096127
70.84494527760035 1.564265039017684
70.10833856743992 1.4720265672615085
69.21624070222725 1.3791010372323278
68.73047880703592 1.3405216059903715
68.06876104460682 1.3331185843688047
67.02425784231258 1.2337395253411039
66.85436672581258 1.083937016375181
66.67057221381006 0.9694705213387067
66.59219340889416 0.8131075871366633
66.42975590300225 0.6747595288011325
66.28603242094732 0.5112450033643476
66.06756717941738 0.36514553175816644
65.92028955089893 0.23760225146427416
65.68643810446716 0.15121876005937906
65.47482918475399 0.03958223641293657
65.32917447684054 23.944207681928056
65.17111269579954 23.87542443453001
64.90337899801133 23.778516475987484
64.56942685101518 23.692519137457197
64.29720534223307 23.620844295612514
63.92494969439892 23.520427652497794
63.56247646679904 23.419868738996662
63.18412079371703 23.342196015469618
62.81150581267937 23.2636697762267
62.42419829422056 23.14710989033727
61.99963125766132 23.015559679406184
61.72246814237269 22.92761068942997
61.48070350698106 22.818140217802068
61.32044713122383 22.703015195714475
61.00281749829284 22.566027888001017
60.81214953209238 22.439090922200343
60.63556329763139 22.347465979581848
60.504112251109206 22.270842589128527
60.6049145853045 22.181709360915654
60.629090751018936 22.06702850098295
60.66050883855834 21.955473597801983
60.70015852936447 21.84702482897937
60.81972631604552 21.767995892860835
60.90360648343028 21.706852091473266
61.105167098487584 21.628923025318162
61.23725814607218 21.55584711788768
61.36261369553293 21.5116010406226
61.67529420735326 21.4497457261254
62.06949791853651 21.42530595699661
63.25851694588923 21.259909990671098
63.31745404380172 21.190933422819292
63.593645027871844 21.13018531765079
63.63192381247569 21.04435825026956
63.54633216121519 20.993261025054004
63.3713940369835 20.922442788979556
63.10244770071361 20.872447995263833
62.81898743318479 20.81106621335323
62.605649964316086 20.748682208585937
62.46698292131913 20.686000187326997
62.34520200366873 20.63352709263279
62.0754695915237 20.568958758913965
61.75608955513795 20.534091277938295
61.42250736096307 20.487674603416814
61.08320309797713 20.440196536044112
60.75033072485493 20.413479565775436
60.3201171825217 20.373708653058955
59.96938743822491 20.34558399328263
59.43338106220148 20.313624530555835
58.78515794336215 20.27895373461166
58.20566492184241 20.244956898416497
57.6985801268965 20.200127943986786
56.98869888613174 20.18619175385743
56.357822642514975 20.17398504753279
55.7057093038338 20.16153863339141
54.92763008448898 20.159291785152252
54.370874230461254 20.174099724764766
53.54875364749148 20.172230475068062
50.48847404310496 20.146925917739686
50.96982491780116 20.11534025403993
51.553638885306896 20.060217463629108
51.89616016568712 20.014718277731006
52.396374040775356 19.99839516293605
52.74786469912064 19.954165598442337
53.358814957770676 19.915849846414037
54.211864817523434 19.883894341424565
55.28087243507943 19.858748254502252
55.9703550183074 19.850961713809
56.422497166038596 19.838059716742546
56.98100551490387 19.81655122145179
57.52210294118996 19.807513781571135
57.9876743425323 19.74964072048554
58.33556141768494 19.712877312499135
58.44602724585252 19.620858518343468
58.62839130026882 19.566871505433312
58.74085908829747 19.497878872239475
58.845769364324525 19.440277496252662
58.81025983131349 19.35111982276958
58.73855501482353 19.28421182530669
58.67561902581639 19.216436639359507
58.34140946715786 19.12168180477819
58.19002236479142 19.046499863233286
58.40245679555002 18.97277533457993
58.69504398257189 18.916264977915645
59.138467546969764 18.85294735281372
59.76423396287569 18.844115412813267
60.25164358459395 18.872451442925968
60.68435682038529 18.91257756878884
61.142166477805006 18.94072823464508
62.21191140739322 18.969256660086433
62.40708271456995 18.913537067668493
62.651427506096866 18.846438075354772
62.781682967348615 18.783875756863843
62.87545762571753 18.732031102860972
63.02050891220179 18.668232677233483
63.091859666582565 18.59662437346878
63.07244791434687 18.547259230387667
62.95554139905866 18.438841395528094
63.238524011577 18.34634803343316
63.564113921070685 18.273142445798815
64.03712152640622 18.195930286634063
64.42562521926354 18.164685643241867
64.87080686874069 18.122129665260957
65.24028260497374 18.071038513549702
65.82069295555175 18.028084367621187
66.38755366753804 17.965038023974074
66.8265909145091 17.90456636754301
67.20725863837836 17.856506358426394
67.71825449226029 17.78559764963406
68.36198426210515 17.739732581981713
69.7130823705177 17.62207338403949
70.21305056907192 17.6077498274942
70.74029368851339 17.634526098886074
71.1346092654824 17.660257341667723
71.58295942128976 17.740131476841846
72.59605198502115 17.681580465477154
72.96988695334372 17.69370586219953
73.46653054177912 17.69250437557419
73.95403932425762 17.695666724293314
74.36642476165241 17.710239060321246
@51.576730409035775 10.281038590340065
51.658858596760666 10.275038260849712
51.7673626530225 10.276953521359758
51.89374857936025 10.279195488904376
51.98144814374814 10.282626258479494
52.06902583351396 10.28606371684822
52.15402473983346 10.29133460007777
52.25683043290826 10.296940416357332
52.33658039346551 10.305888833905412
52.45192428132964 10.315510238181503
52.54912406470666 10.324820788791499
52.610444713554074 10.333480131198064
52.7047147042957 10.344653838097859
52.80380741665476 10.352178612180687
52.94070795076826 10.358562810191335
53.10009388366484 10.361631972446489
53.22380922378835 10.364029194807896
53.364928464409644 10.366779762221038
53.503181071893664 10.371386722010362
53.64112945481679 10.376009675966719
53.76385551409351 10.378450467844086
53.86106546142963 10.386100043609112
53.972902175732656 10.395969713991931
54.029540208868184 10.406646091715167
54.09284087494376 10.425099429720781
54.16114556296398 10.43986686264484
54.19718051212044 10.452069605762697
54.233079878565576 10.46427878930147
54.23691366465235 10.473905524489254
54.22066172909496 10.485012781148132
54.18703329702939 10.495743497574711
54.16519114510379 10.510535849583462
54.145988568443585 10.523471448703079
54.129461954027846 10.534553349503833
54.104555816126066 10.551166186854726
54.032589419918196 10.551495212003408
53.96609523522562 10.548139345330602
53.87941015574526 10.546254179720513
53.77523867162529 10.543998660975596
53.71757770579171 10.546552245399525
53.66622125805637 10.5568314647789
53.666969969232525 10.568233527599531
53.734296048532514 10.582992183465464
53.76670692494466 10.59699954129841
53.73530768393661 10.605798861917847
53.64296061161758 10.607548843809044
53.53876008776862 10.605249251743928
53.43439665692895 10.6029570506711
53.29499217422992 10.599912223775945
53.10283884634936 10.59574680780901
52.959965760409546 10.594557488913129
52.819593312121725 10.59155428166225
52.67339153695454 10.5922050207355
52.54178379929991 10.595050979097088
52.407206654193686 10.599711328820334
52.29288515762562 10.60292358700018
52.16071188887568 10.605761655915913
52.08430382482484 10.607900091297601
52.02279820913475 10.61221797832704
51.91353458649516 10.611803072866191
51.8191366021388 10.613568459485649
51.68902215437197 10.614595536042193
51.58206919287264 10.612386329266936
51.47495512552723 10.610184098171946
51.34978526101045 10.607623607297803
51.26298780899555 10.604001062180862
51.199481315891546 10.597150742981736
51.14403626599122 10.584912196405378
51.0893266173982 10.559733768173185
51.105459006227846 10.548936329543606
51.14220859129742 10.536687156724085
51.19688553694789 10.524781036891007
51.246177736824876 10.516470194813431
51.33405198631536 10.507048793671458
51.36525957591846 10.498371287273116
51.41704352746052 10.48823020046501
51.46614421634757 10.479888024775848
51.50245929538886 10.467573425539795
51.5386975803047 10.455249719508814
51.572266462092756 10.444728362905517
51.61352296604787 10.428762390580115
51.664933371079684 10.418564229619003
51.68032231562634 10.407678705517817
51.69819703656967 10.394973612005833
51.695451056166206 10.383743611152592
51.672089026036616 10.373995128653752
51.63061754785244 10.36391755089435
51.591537987167925 10.352030703670422
51.55232378541501 10.340150512594013
51.494884156511546 10.327951317092275
51.42160813684228 10.31362514901164
51.41819180720509 10.30241374419673
51.453405556268706 10.290025247535967
51.576730409035775 10.281038590340065
@49.9909231492789 12.599289527292788
49.98708079807852 12.499145738232858
49.98311599234623 12.39902725314793
49.98169703533151 12.350309954971472
50.102832871028056 12.339031797396734
50.252605218892256 12.322524915345396
50.360724254716615 12.308190371149148
50.49334928284401 12.29825105620847
50.625799223900714 12.288297800981027
50.79933834940826 12.276113610086789
50.97257365152274 12.263908271102856
51.13715595582198 12.255018818872701
51.35082211728678 12.240548671045659
51.52308551050905 12.228280796836442
51.70336618949568 12.212634502194414
51.79338453276847 12.204798196895545
51.95657787688347 12.195832068224691
52.15186999019926 12.187980588366576
52.40296167938112 12.185763317279019
52.55674216171863 12.180160949200818
52.710247065223314 12.174557066947084
53.0164323485028 12.163344651046925
53.19270447505153 12.162283577581848
53.423770163212566 12.166950184063461
53.613957355049024 12.173907329748287
53.72363975822594 12.185381672996945
53.83294877250566 12.196877547214017
53.93347296642972 12.211800432562876
54.079246686688435 12.235924632668008
54.13905074694242 12.253105036921069
54.30581837295401 12.281893131678455
54.452214251588146 12.29132833028853
54.606659330212125 12.297394920401917
54.782779373671275 12.308116191939417
54.94094705025029 12.32568990914414
55.04592680466013 12.33743251037647
55.111561266173 12.377624318439384
54.88102251220042 12.375702837135574
54.66291193107287 12.381824741691904
54.42684699793915 12.394705685153403
54.269131069200796 12.403281150124622
54.1554088288874 12.42102499855299
54.08107476400977 12.436599898492963
53.98919228400737 12.45885186825693
53.75208957570595 12.49740640931258
53.54957654712439 12.522481503869363
53.390694027607424 12.530874994004517
53.24033331404661 12.535942939270697
52.96515191316482 12.536149119665147
52.76021344910487 12.535506513928997
52.52322299561382 12.533689939801151
52.25378794292669 12.53071972242327
51.94272998641364 12.529913617708917
51.72582680749679 12.532699193089917
51.330875744358394 12.53621155360683
51.10346236119895 12.54232564014084
50.91637067604992 12.546335782145723
50.784754029613026 12.555935481598976
50.61809144843696 12.578567039371142
50.52461011724253 12.600202230818699
50.392558013699556 12.609731073491895
50.242823714537224 12.625735267019978
49.99255256164594 12.633230422498023
49.9909231492789 12.599289527292788
@