74.69487842431974 17.13525361081292
75.00178799451021 17.084901985454614
75.29004825264491 17.015993461911314
75.6080372790484 16.965165961900457
75.88614201357137 16.87427663449066
76.122778134865 16.807701420058205
76.45797508835764 16.754805592850957
76.72549505332506 16.70809178862317
77.089510051193 16.678244606752276
77.36165166357023 16.731352511780944
77.76609111664553 16.65374715802338
78.17918738400539 16.574846375883848
78.58664775613428 16.467419782381036
79.04390183240886 16.441197898436606
79.50321326154489 16.419168171354258
80.14787160265774 16.615731238546836
80.43795963211085 16.48793997361421
80.72226038883002 16.283059532077054
80.66432896892209 16.037129888859695
80.58061625065733 15.820698572204044
80.48476587371059 15.637423897808773
80.3362348647685 15.415327997543534
80.07070385775089 15.32580768524537
79.7564471213212 15.204975049508786
79.23436658766079 15.199074547620752
78.79530595976107 15.185756140675604
78.02932206941719 15.112497459368516
77.46436713544819 15.052851829634418
77.14850745350697 14.951836907304486
76.77623614412539 14.779327373794056
76.29138385027508 14.58264091376837
76.18488820240606 14.38432028686531
76.30926744261083 14.21645198656442
76.77745672994953 14.055337022824157
77.07254019133697 13.827542307749521
77.35396942182959 13.64432796644586
77.53639496604342 13.480224859902089
77.77549799118952 13.10597369764242
78.10639392303946 12.864445688913223
78.53030634608092 12.641548869655928
78.85603871155459 12.441132809943678
79.14007997161457 12.163600588742646
79.19590187649948 11.88223890182603
79.21836181548042 11.594569580751967
79.21652230759219 11.188923743531694
79.70714244395651 10.870659232919284
79.95774158925707 10.557190121680843
80.31751743484557 10.251137583499858
80.64288912573741 9.92794071944426
81.07775283615567 9.60349288237009
81.28503914432716 9.304737453367064
81.6400412436027 8.941359517057354
81.7944695416669 8.551297890793418
81.89355664979809 8.151218604974805
81.93492507391744 7.745386350208707
81.90882891678953 7.271027849791957
81.69631755202494 6.95054938765867
81.5664588487765 6.560342297906011
81.4171268226776 6.244061761323547
81.09560757702704 5.961803740673545
80.70085655535067 5.637583928405714
80.27024420986666 5.333514148889552
79.86552046011153 5.099468095058807
79.31853800312567 4.781947807311941
78.92874256406623 4.5035594238272765
78.5836513441374 4.2832804021409
78.22238402372295 4.073223898144299
77.77027607961958 3.8339754006240128
77.49099723530736 3.6163368233311957
77.19556156448675 3.4078497643773566
76.98877593555684 3.180110968885934
76.66434334333044 2.989520763836012
76.2431310296021 2.7771661668708703
75.90445268821406 2.5491442169104985
75.64114358805276 2.412311773426879
75.46155122121306 2.2543253953208264
75.27453991236268 2.101648401299151
75.06218620607999 1.857428058324011
74.72703039569708 1.5589839163137569
74.19436955637153 1.435047480943382
73.34401989696977 1.31983736858394
72.59535850081608 1.2657900800963588
72.17456733052043 1.2087491490368905
71.50336986111512 1.0955664556043132
70.84332930835285 1.0215758408706677
70.1067797304282 0.9293622808916879
69.21477244937262 0.836460817861564
68.72907103484675 0.7978919302094951
68.06746304532018 0.7904999740621932
67.02310511889453 0.6911377839575792
66.85317037817475 0.5413358856316712
66.66934585034309 0.4268674927836571
66.59087787981292 0.2704973293733701
66.42836330535428 0.13214011780633683
66.28451519662966 23.968611392112937
66.06592900790878 23.82249580662743
65.91851493706378 23.69493697331737
65.68457830297268 23.608539908222966
65.47282564200731 23.496886087928843
65.32702591147981 23.40149688964468
65.16885519822955 23.332701539288863
64.90095480568627 23.23577480600202
64.56684214262233 23.14975726270179
64.29446910037652 23.078065270131006
63.92197330926993 22.977624509954033
63.559226571406356 22.877041828667863
63.18063285929003 22.799346762357715
62.80775141133847 22.72079849479803
62.42001843352671 22.60421488213064
61.994921691699744 22.472641803764866
61.717377152133366 22.384680335805903
61.47513480244743 22.275203135877796
61.31438302188181 22.16008073826154
60.996106624978296 22.023096434456498
60.80486446297729 21.89617475403031
60.62784600570015 21.804563006765306
60.49604106340098 21.72795431036947
60.59656447963462 21.638854455937025
60.620354404378986 21.52421537117175
60.65142945195839 21.412705950896537
60.690780934404785 21.304305695621906
60.81020704803157 21.225318286791953
60.893986266824356 21.16420718444193
61.09549547914625 21.08632472803557
61.22752180574426 21.013290937495384
61.352875913726905 20.96907240515364
61.66565344867732 20.907260747506406
62.060069133942875 20.882847781909643
63.249630705008514 20.717576211300827
63.30855247126118 20.64863650687425
63.5848753007908 20.587927364165125
63.6231468669109 20.50214501783522
63.537495004689674 20.45107173914425
63.36244978594149 20.38028579990075
63.09334549473792 20.33031100720515
62.80972704563817 20.268955609198237
62.596285123143446 20.206600550346298
62.45757185033733 20.14394929677556
62.33575740975283 20.09150194616428
62.06591885463021 20.026963722309123
61.746375445201494 19.992110528591212
61.412639482756674 19.94571455015403
61.07318599888595 19.8982581693068
60.740139849341745 19.871552398869113
60.309713926091234 19.831799309021097
59.958805921842895 19.80368733765142
59.422507017977125 19.77174205880452
58.773922832909705 19.737087270948233
58.19411688832102 19.703107262631974
57.686805952829985 19.658301949912033
56.97646737732279 19.644373002001124
56.34517878586806 19.632173251881113
55.69263375930379 19.619734522876623
54.913984530757034 19.61749020634031
54.356747101053315 19.6322903427996
53.53399479643619 19.630424056394816
50.471347535729194 19.60514715810441
50.953269158244524 19.573580053261274
51.53785027187527 19.518488844624102
51.88088424203613 19.473014732571684
52.38156348100611 19.45669774712778
52.73354822806283 19.412490251998076
53.34513502489614 19.37419024649873
54.19893267481717 19.342244467190206
55.26876629239638 19.317102730063404
55.958724777385385 19.30931515248483
56.41120648190653 19.29641596501463
56.97014815756313 19.27491318631834
57.511606182093175 19.265876291205966
57.97768077321618 19.208023225375964
58.32590921613391 19.171271308597838
58.43680636061259 19.0792832646655
58.61948567504848 19.02531184472614
58.73229496408513 18.95633820697151
58.83749603943082 18.89875112845921
58.802349639022225 18.809614507015873
58.73090396111877 18.742720661910365
58.668239989155694 18.674957994094814
58.33432677897463 18.580219754414202
58.183228974554766 18.505047610611367
58.39607268638687 18.431327730395836
58.68900796899999 18.374818741592172
59.13284427292001 18.31150077158311
59.75883183893808 18.30266500089273
60.246268646122246 18.330996837362584
60.678951976548376 18.37111821815849
61.1367931513779 18.399264404890335
62.20676488513271 18.427785240899304
62.40219358953678 18.3720689429381
62.64684457759603 18.304972760314985
62.77735286516099 18.24241232994849
62.87133056147388 18.19056848284059
63.01663557294424 18.12676999662863
63.08824488062166 18.05516060864988
63.06899452730255 18.005794077339303
62.95242630805524 17.897371032891876
63.235765945454546 17.804870488039654
63.561645532902844 17.731658073343
64.03496631369359 17.654437997120414
64.4236212701914 17.62319034100718
64.86898985694847 17.58063024042913
65.23865900290392 17.529533697993724
65.81925994294676 17.48657616784796
66.38635217846445 17.423523939569435
66.82558872381082 17.363046104700107
67.20641136191438 17.314981454495385
67.71762008342469 17.2440655963413
68.36150731724766 17.198199413625552
69.71295023630438 17.08053726500067
70.21297950916724 17.066219216800622
70.74020732828407 17.093009668215572
71.13450223984714 17.11875291081947
71.58273893896981 17.198649105248624
72.59600640397059 17.14011258201353
72.96984579686654 17.1522497927682
73.46652380026393 17.151062381168718
73.95405846265322 17.154240507643706
74.36644683953563 17.168829008570896
@51.57650462601438 9.738736660419447
51.65865882458425 9.73273691665013
51.76718054681456 9.734650682244407
51.89358695946959 9.736890904092839
51.981297587355755 9.740320034911509
52.068886306987565 9.743755855336534
52.153892765319966 9.749024711738155
52.25670889952548 9.754628254183226
52.336459652921434 9.76357387090719
52.45181020060676 9.773191981599545
52.54901388636779 9.782499491188254
52.61033283091186 9.791156289843066
52.704603727956425 9.802326574005692
52.80370393188309 9.809848708534327
52.94062085882695 9.81623017000131
53.100032226850175 9.819297128295469
53.22376720272297 9.82169263579703
53.364908727413564 9.824441242782186
53.50318036901908 9.829045859968607
53.64114766767156 9.833666473901156
53.76389283717998 9.836105552247963
53.86111002183381 9.843752524583186
53.97295374838018 9.85361897504536
54.02958783917066 9.864292489868435
54.092875874902205 9.882741210008543
54.16117413505037 9.897504785952986
54.19720033056899 9.909704531983934
54.23309117255354 9.92191071835045
54.236913910975915 9.93153530926748
54.220645584862694 9.942640270082965
54.18699815004672 9.953368916691325
54.16513460284855 9.968158185931772
54.145913547907924 9.981091077969927
54.129371275855874 9.992170651462793
54.104441965790045 10.008779986223
54.03246160319253 10.009109527790098
53.965958531115746 10.005754959417121
53.87925908405779 10.003870928329968
53.775070273205074 10.001616771290651
53.717395414036844 10.004170247264941
53.66601764958301 10.014447545150839
53.66675397586769 10.02584700343718
53.734077137381945 10.040601763538081
53.7664795288332 10.0546056753017
53.73506512659287 10.063403227028894
53.64269835857928 10.065153510070438
53.538479935737996 10.062855236038867
53.43409851091292 10.060564353263029
53.29466988781337 10.057521284414811
53.10248308841008 10.053358286138442
52.95958294686807 10.052170317740565
52.819185762956124 10.049168867187907
52.67295401021036 10.049820539853917
52.541316698105305 10.05266679223494
52.40670728129322 10.057327010341956
52.292359070906684 10.060539323240135
52.16015573621229 10.063377654155769
52.083729696068986 10.06551611460334
52.022206801274166 10.069833386426247
51.912921065018224 10.06941934915126
51.81850163128729 10.071184962724548
51.6883590147994 10.072212688962063
51.581386090497034 10.070004764881539
51.47425195874757 10.067803815822058
51.34905855692219 10.065244819745834
51.26224676860994 10.061623771853418
51.198734454931895 10.05477559885874
51.14329150216963 10.042540494061779
51.088599668817835 10.017368740164496
51.10474843831847 10.006573877471604
51.14152073667847 9.99432748282086
51.19622396270415 9.982423908973015
51.24553694745745 9.974114749818709
51.333441505857735 9.964694998726902
51.36466676356724 9.956019380433794
51.416474664826865 9.94588036978914
51.465596488445016 9.9375398397383
51.50193550454941 9.925227941771993
51.53819795452719 9.91290692487802
51.571788183347195 9.902387830301501
51.613075431988165 9.88642534951644
51.664510724551064 9.876229192174483
51.67991844740391 9.865346130659445
51.69781531583149 9.85264390016379
51.69508543898405 9.841416582798331
51.67173340473286 9.831670611001115
51.630269022935664 9.821595781868837
51.591200063097574 9.809712087699216
51.55199672264382 9.797835047479564
51.49456516601521 9.78563924356688
51.42129789865288 9.77131711293915
51.41789935341848 9.760108362285202
51.45314065353418 9.747722418168028
51.57650462601438 9.738736660419447
@49.988729601927645 11.999207165798298
49.9848026856572 11.899077353751661
49.98131790854842 11.807579170696396
50.102602555047895 11.796288283291306
50.25236407366617 11.779783789904206
50.36047191523761 11.7654512918948
50.493096195093585 11.755513569030999
50.625545776922564 11.745561921058352
50.79908639875143 11.733379747342767
50.97232379915221 11.721176447124748
51.136912718463265 11.7122885982646
51.35058388251289 11.697820930993803
51.52285113968074 11.685555153998854
51.703132669426765 11.669911447671728
51.79315173295075 11.662076447526482
51.95635391548842 11.653111987412874
52.15166089206829 11.645262121924123
52.40278231621514 11.64304586350906
52.556575736262346 11.637444696219628
52.71009375256875 11.631842017453739
53.016305770239626 11.620632015704123
53.19259998949937 11.619571601879695
53.42370170276064 11.624238264647472
53.61392198235026 11.631195059875516
53.72363192009499 11.642668233690612
53.832968332359314 11.65416296514385
53.93352263179705 11.669084276248357
54.07934275063491 11.69320596863074
54.13917430909348 11.71038450090414
54.30599622729471 11.739169814037533
54.4524209104012 11.74860447809618
54.606891652151916 11.754670968983726
54.783045185254025 11.765391732603602
54.94125188191549 11.78296417652576
55.04625747971636 11.79470596419178
55.11194636921073 11.83489396625548
54.881379341943955 11.832971701367796
54.663251674976976 11.839092087177475
54.427176469493475 11.851970778546173
54.269454070649516 11.860544752894238
54.155742411110765 11.878286416618822
54.08142087151876 11.893859535487485
53.98955849440219 11.916109073913512
53.75248474019082 11.954659227321764
53.54998752226933 11.979731369284204
53.391101993179745 11.988123507510313
53.2407345262657 11.993190416895066
52.965527635667144 11.993395453859486
52.76056908293819 11.992752079051606
52.523553807277466 11.990934723670023
52.2540891405645 11.987963720898872
51.94300124146724 11.98715652520365
51.72608280508513 11.989941077190027
51.33110199598039 11.993451746319485
51.10367889397679 11.999564538156692
50.916577799658285 12.003573715328658
50.784966739209295 12.013172183445906
50.6183307925543 12.035801376820215
50.52488140883813 12.057434604145326
50.39283656331884 12.066962312635953
50.24312083258667 12.082964873727603
49.992307236347756 12.090474865166673
49.988729601927645 11.999207165798298
@