74.69484720914181 17.412330428806822
75.00172581729979 17.361977345504787
75.28994769166329 17.293068486672553
75.60790800041786 17.24223911759721
75.88596751860831 17.15135075163918
76.12257157624776 17.084775734215818
76.45774279126962 17.03187741796539
76.72524119291697 16.98516171690418
77.08924177671005 16.955309349151726
77.36140336339017 17.00840803742561
77.76580987029035 16.930798815080962
78.17887462169367 16.851893507860918
78.58629512223379 16.744464031784254
79.04354011646532 16.718231030604567
79.50284455352755 16.696188554379905
80.14757126988783 16.892714644439256
80.43761596910372 16.764921138511742
80.72185123770291 16.560044872143727
80.66384464896444 16.314138981049823
80.5800698864335 16.097731476218968
80.48417014395412 15.914478856464626
80.3355834219063 15.692411696550705
80.0700293573409 15.602910561903961
79.75574332818869 15.482101529898731
79.23365655555716 15.476218021237738
78.7945890298511 15.462913593817142
78.02858326501459 15.389682225878348
77.46361174616604 15.330055686958923
77.14773095458912 15.22905783649292
76.77542864843915 15.056573298316755
76.29054634479786 14.85991546340023
76.18402905454758 14.66161600202922
76.30839501511983 14.493761507073193
76.776575098394 14.332653445103643
77.0716476821091 14.10487417334431
77.35307055007263 13.9216709530522
77.53549206621489 13.757578602478858
77.77459191120059 13.383353259885729
78.10548680060799 13.141838105176367
78.5293972301088 12.918951107049939
78.85512847873454 12.71854455809126
79.13917096208704 12.441027356593006
79.19499887836011 12.159682431568895
79.21746621486795 11.872029143313567
79.21563779249689 11.466403804386623
79.70625524204058 11.148155543787938
79.95685683574723 10.834703441705638
80.31663369116293 10.528670262847529
80.64200944554253 10.205495958161995
81.07687950595323 9.881076355876903
81.28417723226866 9.582345565877162
81.63919866190275 9.21900412107043
81.7936549215782 8.82897709656925
81.89277801904268 8.428932493732168
81.93419060887501 8.02313330157876
81.90815579434644 7.548809034758608
81.69568612751118 7.2283417892146895
81.56589026702807 6.838153677121319
81.4166140013379 6.521884323493385
81.0951405915678 6.2396249807446225
80.70044635474005 5.915401377209346
80.26988987749834 5.611324302506127
79.86520930501155 5.377269103637801
79.3182914620894 5.059735895547366
78.92856299332715 4.781338019776253
78.5835264139053 4.5610491928845605
78.22231231918329 4.350981501596415
77.7702659853403 4.111718160181777
77.49105097220834 3.894068177985119
77.19567605408076 3.6855683333865628
76.98896126924578 3.4578167352589446
76.6645816255278 3.2672116783956824
76.2434251815223 3.05483871098426
75.90480849154056 2.826798484484428
75.6415329150831 2.68995378923389
75.46198149193984 2.531955182025875
75.27500732937801 2.3792660286822596
75.06271139245217 2.1350275104296337
74.72761640670043 1.8365605098446096
74.19496540238967 1.7126101017366828
73.34461017303872 1.5973839620264023
72.59593158454376 1.5433261714200057
72.17513489522221 1.4862784589493572
71.50393056246429 1.373084855180121
70.84387382694578 1.2990860558215687
70.1073049967176 1.206864102328847
69.21526719161065 1.1139545304108935
68.7295453972373 1.0753820903138163
68.0679004184473 1.067986405920216
67.02349353958695 0.9686185321340659
66.85357349841965 0.8188164280240819
66.66975908477937 0.7043486746173002
66.59132115968058 0.5479809469718511
66.42883255458685 0.40962681946616897
66.28502644066359 0.24610287832874178
66.06648100716197 0.09999272216466437
65.91911291286056 23.97243912914078
65.68520498459358 23.886046637478074
65.47350076006447 23.7743986449145
65.3277498976679 23.67901438046809
65.169615891429 23.610223107886974
64.90177167045474 23.51330270023609
64.56771309745744 23.427291964391767
64.29539111836675 23.355605750235853
63.92297624981501 23.255173115456152
63.56032167838765 23.154598441738273
63.181808180563536 23.076910902909678
62.80901652651755 22.998370056750957
62.42142691836551 22.88179443723056
61.99650867437083 22.75022906209214
61.719092665366475 22.66227179722253
61.4770112921332 22.552796862855075
61.31642644757116 22.4376735795927
60.998367991420736 22.30068826201191
60.807319314758615 22.173761430286888
60.63044650295305 22.082145236373577
60.49876081199025 22.00553158866942
60.599378209906064 21.91642048981455
60.62329828131348 21.801767330192998
60.654488918494394 21.690242586251372
60.69394088423013 21.581825986599405
60.81341473387056 21.502824587351846
60.89722796710828 21.441702468885325
61.098754497370294 21.363804310070446
61.23080263134665 21.290756330799894
61.356157223987 21.246528518910704
61.66890206293786 21.184702153841286
62.06324631672615 21.160280158471977
63.25262506553332 20.994966680443632
63.311552000945795 20.926014557240027
63.587830404772376 20.86529228851865
63.626104408329724 20.779494876267446
63.540472839085396 20.728413530358058
63.36546371378412 20.657616710827824
63.09641265371249 20.607635180196628
62.812847513676076 20.54627089394367
62.59944079589809 20.483906083672874
62.46074310827825 20.42124446486514
62.33893997028818 20.368788441374875
62.069137191322426 20.30424007391195
61.74964884032872 20.269382067142313
61.41596470182003 20.222979116551812
61.07656151033686 20.175515429858173
60.74357392539153 20.14880588649895
60.31321957875733 20.109046792513254
59.962371651386945 20.08093054672592
59.42617133314923 20.048980489796243
58.77770883257756 20.014320309377887
58.1980083498315 19.980334632238968
57.69077363455324 19.935521354993604
56.98058918589231 19.92158996783425
56.34943956164159 19.909387874751317
55.69704002167788 19.896946557225288
54.918582894361805 19.8947013885213
54.36150775844379 19.909504154455
53.53896835731453 19.907636870505854
50.477119084171704 19.882350656686317
50.95884835751187 19.85077729882351
51.54317094147555 19.795675449406435
51.88603213938646 19.750192889236374
52.386554542965484 19.7338738381512
52.73837278733217 19.689658906962226
53.34974506951812 19.651353595303988
54.20329070844281 19.619404538058074
55.27284595622561 19.5942613339863
55.962644056898796 19.586474104898556
56.4150113301981 19.573573970187844
56.973806976242514 19.55206926461365
57.515143478121615 19.54303218524717
57.9810485070156 19.48517238143293
58.32916191678129 19.44841659216449
58.43991373032031 19.3564181863324
58.622486814453765 19.302441511652265
58.7351810335866 19.233461472480364
58.84028412239368 19.17586957552317
58.80501536661893 19.086725859180838
58.73348237400833 19.01982724424357
58.67072674690479 18.952060357073336
58.336713688786745 18.85731652383413
58.18551840632571 18.78214107687555
58.398224201465496 18.708419628181495
58.69104218267074 18.65191017666404
59.1347393996254 18.58859232074354
59.76065243475941 18.579757840108876
60.24808007296622 18.608091090058267
60.68077347276835 18.648214070455445
61.13860401941855 18.67636176679663
62.208499311245674 18.704885159887844
62.40384128065682 18.64916775030866
62.64838908940513 18.58207061905153
62.77881218264636 18.519509550748193
62.8727214616093 18.467665430312604
63.017940975133484 18.403866962701592
63.08946315838793 18.332257938060224
63.0701584190916 18.28289187317782
62.95347620543188 18.174470581199067
63.23669553263781 18.081972453929936
63.562477503340205 18.008762337513115
64.03569274805739 17.93154492672512
64.42429672962314 17.900298284780547
64.8696023200007 17.8577395720476
65.23920628901638 17.806644844598708
65.81974300148383 17.763688453469637
66.38675721572878 17.700638206278825
66.82592659963422 17.64016245165266
67.20669703315119 17.59209936401472
67.71783402039947 17.52118591306172
68.36166818981647 17.47532010476273
69.71299491049695 17.357658947200093
70.21300360161433 17.343339042330236
70.74023657625071 17.370124715895315
71.13453845144986 17.395863915348887
71.58281338326398 17.47575267817991
72.5960219093206 17.41721127103267
72.96985981128074 17.429344500933855
73.4665262176623 17.428152346209345
73.95405215935511 17.43132515589429
74.36643954611773 17.445908209896594
@51.57658071882403 10.016116386465466
51.658726152893195 10.010116445309432
51.76724192219169 10.012030714607366
51.89364143154066 10.014271524658826
51.981348331243225 10.017701207655644
52.068933334027946 10.021137579985098
52.15393724735432 10.026407119331388
52.25674986301101 10.032011427948893
52.33650034886611 10.040957988426678
52.45184865202293 10.050577208905864
52.549051022441205 10.059885743181576
52.610370540935236 10.068543398970457
52.70464113215996 10.079714836444273
52.80373881141438 10.087237860380206
52.94065021432857 10.093620243928235
53.10005301151915 10.096687944839031
53.22378137076987 10.099084030156732
53.364915386443016 10.101833297701754
53.503180614089814 10.106438704227367
53.64114153868405 10.111060106630465
53.7638802686692 10.113499762346889
53.86109501437829 10.121147611919275
53.97293637776369 10.131015147349714
54.029571796667994 10.141689626849479
54.09286408783589 10.160139903020237
54.16116451353872 10.174904778604567
54.19719365838512 10.187105534530321
54.23308737248132 10.199312730819967
54.236913833307796 10.208938044270917
54.2206510299159 10.220043778697125
54.1870099980425 10.23077312275693
54.16515365988553 10.245563430769804
54.14593883112093 10.2584972349878
54.12940183484287 10.269577592691181
54.104480332542295 10.28618810768462
54.03250467606412 10.286517475249891
53.96600459875839 10.28316246941253
53.879309993053425 10.281278056050004
53.775127020683954 10.279023440186744
53.71745684297369 10.281576952712246
53.66608626120231 10.291854898068966
53.66682676047117 10.30325523397477
53.73415090486378 10.318011306776654
53.7665561551394 10.332016379716743
53.735146861469644 10.340814527489847
53.642786730095594 10.342564709067686
53.5385743385545 10.340265990927412
53.43419897704112 10.337974663954308
53.29477848837314 10.334931002736388
53.102602967655145 10.330767189825579
52.9597119428268 10.329578766385797
52.81932309392937 10.326576723919128
52.6731014424584 10.32722808202337
52.54147409574287 10.330074235349507
52.40687555315267 10.334734497822746
52.29253634422733 10.337946792297771
52.16034314054272 10.340785034947583
52.08392315760784 10.342923486958677
52.022406085113204 10.347240966086904
51.913127800314584 10.346826636285055
51.818715594167315 10.348592173396653
51.688582469447596 10.34961968073656
51.58161627190967 10.347411324458028
51.47448890116348 10.345209943422862
51.34930343059264 10.342650443681938
51.26249647316945 10.339028891302467
51.19898612098706 10.332179995140445
51.143542461896374 10.319943730623711
51.08884462617755 10.294769727777233
51.1049878763117 10.283973997104098
51.141752521493686 10.271726666326002
51.19644689235949 10.259822234583009
51.24575287362731 10.251512508348346
51.33364721932705 10.242092201246333
51.364866523805716 10.233415946737185
51.41666635521014 10.223276236504935
51.465781057465136 10.214935151935132
51.502112008058106 10.202622343748
51.538366315703314 10.190300420720542
51.571949351708014 10.179780563928622
51.61322624106052 10.163816906630366
51.664653147784634 10.153620074140694
51.68005454341949 10.142736182830994
51.697943949409904 10.130032987610605
51.69520864666606 10.118804766017703
51.67185324453979 10.109057948218808
51.63038647191513 10.098982192916822
51.59131394045184 10.087097436300498
51.55210694061955 10.075219334374069
51.49467266444313 10.06302238764072
51.421402448495314 10.048698896564211
51.41799791103463 10.037489251560478
51.45322992795266 10.025102447324496
51.57658071882403 10.016116386465466
@49.989597665411736 12.299238771371536
49.985699542671455 12.199103379082837
49.981715627054825 12.098993870931409
49.98141644525654 12.085106121612046
50.102680183331955 12.073816803526855
50.25244535040579 12.057311505252715
50.3605569635242 12.04297831775599
50.493181495143375 12.03304005843122
50.6256311976467 12.02308786888378
50.799171314816476 12.010905015469046
50.972408007725846 11.998701028278623
51.136994697686276 11.989812639160155
51.350664175537105 11.97534413605617
51.52293013027682 11.963077652396288
51.70321137283648 11.947433073921827
51.793230193410466 11.939597633998027
51.95642939742524 11.93063261166329
52.151731365363474 11.922782202218624
52.402842769806455 11.920565602608674
52.55663183013783 11.914964030719869
52.71014542773352 11.909360946445338
53.01634843655424 11.898150131261401
53.19263521133615 11.897089495190682
53.4237247855645 11.90175613903162
53.61393391596192 11.908713052384849
53.723634575854675 11.920186620279038
53.832961756288114 11.931681736825261
53.9335059116419 11.946603578416736
54.07931039645217 11.970726115848212
54.13913268944714 11.987905278931281
54.30593631385841 12.01669152941956
54.452351291115576 12.026126373635652
54.60681338544822 12.032192897991072
54.78295563398831 12.042913832801124
54.941149182693636 12.060486705816881
55.046146072468986 12.072228767654897
55.11181662264593 12.112418052252984
54.88125912247395 12.110496051360228
54.66313721302953 12.11661694889895
54.427065469350566 12.129496399112254
54.26934525096823 12.138070875727445
54.15563002658132 12.155813275617916
54.081304266845336 12.1713869946484
53.989435116387455 12.193637352358781
53.75235160679475 12.232188984255902
53.549849062009685 12.257262121137458
53.39096454735176 12.265654714893946
53.240599356301544 12.27072197331607
52.965401055003895 12.270927395530405
52.76044927155169 12.270284279837888
52.52344236017865 12.268467187670096
52.25398767242845 12.265496449501317
51.94290986309818 12.264689621378203
51.72599656816675 12.267474518183295
51.33102578277425 12.270985757196668
51.103605956024296 12.27709898527725
50.91650803252213 12.28110848754331
50.7848950901886 12.29070737057428
50.61825016947549 12.313337360682267
50.52479002133754 12.33497124987293
50.392742730529136 12.3444993405428
50.24302074352207 12.360502451718338
49.9925373793169 12.368003020404208
49.989597665411736 12.299238771371536
@