74.69459638765343 17.320727261938316
75.00123136231352 17.270362756793496
75.28915121109449 17.201451327346764
75.60688554633941 17.150607302742397
75.88458928975265 17.05972659003578
76.1209410620929 16.99315318753737
76.45590974535256 16.940235341260696
76.72323847040133 16.89350476371138
77.08712560735961 16.863611628747154
77.35944429358267 16.916637755426052
77.76359154504362 16.83899818007108
78.17640829143883 16.760057359251064
78.58351505942758 16.65260532344844
79.0406885124539 16.62628490389541
79.4999378379847 16.604142171742748
80.14520224572368 16.800377158911505
80.43490599681547 16.672566195027503
80.71862604422566 16.467723041768274
80.66002824808095 16.222004265315466
80.57576555198742 16.0057842718694
80.47947761661399 15.822705279147169
80.33045282071186 15.600864328950589
80.0647175053376 15.511514062995436
79.75020120445379 15.390890720474445
79.22806546474013 15.38514082518077
78.7889437675687 15.371946326025144
78.02276609837111 15.298929777348146
77.457664230114 15.239453394775746
77.14161748193382 15.138589847441704
76.769071486954 14.966301951066717
76.28395327346306 14.769869302978991
76.17726585260243 14.57173635740255
76.30152742703828 14.403990479704857
76.76963514869269 14.242936738294539
77.0646222459419 14.015278968782312
77.34599511949438 13.832163243794286
77.52838500033616 13.66815550953035
77.76745994337452 13.294133272154433
78.09834667913975 13.052719233770311
78.52224145091915 12.829909495286378
78.84796393348049 12.629577759195387
79.13201607055629 12.352178695600767
79.18789131405887 12.070965606152107
79.2104168737952 11.783438419768288
79.20867568251523 11.377974307258292
79.69927195554331 11.059853843465978
79.94989277662049 10.746535509711215
80.30967751835539 10.440654570435868
80.63508516649992 10.117657666516072
81.07000507565303 9.793460078412707
81.27739253242635 9.494923042515804
81.63256587494092 9.131868544556497
81.78724194514461 8.74211365170164
81.88664799380854 8.342341858264277
81.92840785929491 7.936802784236664
81.9028554483692 7.462747935360824
81.69071377750362 7.142369082464151
81.56141224449317 6.752330461062904
81.41257465206036 6.43614927592737
81.09146192821643 6.153879722760642
80.69721457438197 5.829626506800103
80.2670978179853 5.525492228496525
79.86275712376693 5.2913652130330355
79.31634792195968 4.973730517224901
78.92714663592446 4.695258100660773
78.58254021493758 4.474892225740479
78.22174516806342 4.264736592274364
77.7701839255931 4.02535652865847
77.4914714652609 3.807616879763998
77.19657488973698 3.5990164827546423
76.99041789034399 3.3711642019327215
76.66645518729422 3.180442292971712
76.2457387137313 2.9679247639848967
75.90760750249518 2.7397407112860215
75.64459593021988 2.602799586394152
75.4653669151646 2.44470473256575
75.27868526333717 2.2919198739124873
75.066844216838 2.047538294705504
74.73222818961136 1.7488913483377821
74.19965470258711 1.6248309188850527
73.3492557424716 1.5094785711994732
72.60044190039685 1.4553380776820575
72.17960181326814 1.3982369674585264
71.50834352354087 1.284957457510199
70.84815945914823 1.2108942120751536
70.11143913810338 1.1186061696552763
69.21916111923517 1.0256327500709936
68.73327893322966 0.9870323386307263
68.07134283329674 0.9796072973556207
67.02655067919969 0.8801946728700223
66.85674633464373 0.7303909499254715
66.67301152372991 0.6159282309149248
66.59481006764796 0.459579680916967
66.43252584498603 0.32124983433596555
66.28905023415982 0.157763563395946
66.07082553844833 0.011696153854742875
65.92381927393711 23.884183821294133
65.6901372426243 23.797827338020028
65.47881419286898 23.686225232643586
65.33344790553559 23.590879819520456
65.17560276246755 23.522120657021745
64.90820057084838 23.425250060840273
64.57456762791986 23.339292930150535
64.30264746001109 23.267652220218245
63.930869363025494 23.16728357581747
63.5689400401109 23.066771969940508
63.191057711668776 22.989143717474256
62.8189726046279 22.91066132694943
62.432511157918896 22.7941486831937
62.00899750309111 22.662644014595664
61.73259289978432 22.57471988352369
61.4917783007059 22.465262837550796
61.33250718684326 22.35013263003703
61.01616380135886 22.213139389499467
60.82663781746339 22.08617204021749
60.65091119296619 21.99452086066907
60.52016398906778 21.91786824316275
60.6215211687055 21.828668601124974
60.64646561165867 21.71390460344299
60.67856604930046 21.602259173044807
60.71880891461774 21.49371383577285
60.838658551394616 21.414602230600053
60.92273954116473 21.353393332299902
61.12440247079701 21.275371472035438
61.25662227767344 21.202211713229183
61.38198072257401 21.15791079506964
61.69446833377569 21.09596856048333
62.08825054519917 21.071475426295613
63.27619061129806 20.905831793513066
63.33515812447857 20.83678183039625
63.6110868377275 20.775956153433746
63.64937984443944 20.690040046721315
63.56390784081918 20.638895142954972
63.3891825485386 20.568012601918223
63.12055021398038 20.51797798258434
62.8374043573192 20.456543666848297
62.624274437114195 20.394102029053663
62.48569914489693 20.33135874995861
62.36398472708197 20.278834400117354
62.0944631653214 20.214206117835776
61.7754078644534 20.179310187465653
61.44213125027176 20.132852305058954
61.10312350270513 20.08533105855312
60.77059654077581 20.05859178546828
60.34080509306705 20.01878538361329
59.99042963772331 19.99063545767636
59.45500469971893 19.958647747587
58.80749923334446 19.92394507037866
58.22862811460442 19.889914722960658
57.721992592419156 19.845038696740676
57.01302038726891 19.831088072536808
56.3829637213677 19.818867503420492
55.73170836003109 19.806405774951692
54.954762088198976 19.80415386667382
54.3989635204654 19.818977323730536
53.5780984306177 19.81710215417351
50.522523343996426 19.79174246312047
51.00273977622007 19.76011986993492
51.58502871365687 19.704934235216477
51.92653066734894 19.659385156150833
52.425819617064064 19.64304985772938
52.77632790075225 19.59877638493247
53.38601277142274 19.560429318060667
54.23757619508456 19.528454488925952
55.304941952862436 19.503299783103795
55.99347859988373 19.495515328750272
56.44494573297894 19.482607757129962
57.002592599002895 19.461087907701632
57.54297319307685 19.45204940262157
58.00754392747217 19.394136580465844
58.354752165213625 19.35735032705726
58.46435994480112 19.2652703777244
58.64609694255566 19.211252364051063
58.75788541142745 19.142221967277976
58.86221724456075 19.084592173564218
58.82598527270633 18.99539265889262
58.75376489645606 18.928456539950933
58.69028775613839 18.86065648816269
58.35548849242258 18.765868692107055
58.20352586449931 18.690667308017943
58.41514636187512 18.616933590486386
58.707041363016884 18.560420561032334
59.14964424585526 18.497103678735282
59.774971108959335 18.488279377654685
60.262326885614726 18.516623738696314
60.69509980483073 18.556759283930155
61.15284698775986 18.58491885030756
62.22214127420003 18.613462378140735
62.41680067308215 18.557736273358923
62.660536516735306 18.490631742561007
62.79028914935205 18.428065714184562
62.88366000245031 18.37621949349315
63.02820669426163 18.31242123667049
63.09904323775882 18.24081514269264
63.07931048359947 18.191452796791086
62.96173114279918 18.08304540265445
63.24400380812418 17.99056639972011
63.56901771994117 17.917374449062486
64.04140263303188 17.840178098377933
64.42960559351474 17.80893947396368
64.8744155772454 17.766391730728603
65.24350676332111 17.71531134055022
65.82353819860774 17.672363961337673
66.38993859066622 17.609329370293302
66.82857958166795 17.54887004674912
67.20893930003743 17.500819303378645
67.71951192218629 17.429924864114618
68.36292863249616 17.384062049365102
69.7133411918779 17.266408805601216
70.2131879684683 17.252074308131313
70.74046152289941 17.27882236826284
71.1348181982529 17.304529734712105
71.58339396171468 17.384359953603415
72.59613875239083 17.325780177831426
72.96996492090929 17.337882075934488
73.46654007134498 17.33665260432666
73.95399738308376 17.339783578958922
74.3663769638832 17.35432376242201
@51.577179155037385 9.926897339239293
51.659255603182345 9.920895845317213
51.7677245266749 9.922814079887734
51.89406971124893 9.925059520400291
51.98174727596654 9.928493549982367
52.06930303285719 9.93193426673767
52.15428692538316 9.937209181810974
52.2570718587819 9.942819521334727
52.336820252623255 9.951773510143878
52.45215090543104 9.961401465992177
52.549342937343255 9.970718065721751
52.610666984951735 9.9793824679736
52.70493518451889 9.990562983208335
52.8040130042138 9.998093007913681
52.9408809403933 10.004482649670752
53.100216287510875 10.007556196487684
53.223892575643646 10.009956830383183
53.364967497129214 10.012711297852391
53.503182250911095 10.017322917813795
53.64109301542888 10.021950526801255
53.763781067445905 10.02439472753176
53.86097662635544 10.032049482004245
53.97279940143537 10.04192555736212
54.0294452839955 10.052607629665708
54.09277108519356 10.071070152921974
54.161088568636416 10.085845257736395
54.197140937041326 10.098053962269322
54.23305726669551 10.11026910740438
54.236913032776584 10.119900107616106
54.22069370505204 10.131011930705645
54.187103076143615 10.141746763932662
54.165303488470954 10.156545247609207
54.1461376728721 10.169486231171817
54.12964220802613 10.18057276105346
54.10478216914285 10.197192565182467
54.03284355248795 10.197520562875498
53.96636704306249 10.194162113549698
53.879710539798566 10.19227469097185
53.77557351741322 10.190016463307105
53.71794018701371 10.192570263228035
53.66662614433676 10.202853304414166
53.66739949562154 10.21426054786939
53.734731386457696 10.22902695298527
53.76715914691087 10.243041165474683
53.73579006637988 10.25184400448823
53.643482170120876 10.25359338706292
53.53931724656195 10.25129117295663
53.434989604886056 10.248996349312902
53.295633136171915 10.245948025015945
53.10354638119682 10.241777799357205
52.96072710833067 10.240585793686751
52.82040385751159 10.237579091683983
52.67426170808807 10.238227973229671
52.542712795595804 10.241073346299112
52.40819984152151 10.245733957364312
52.293931480469894 10.248946106315211
52.16181801431088 10.251783653632994
52.085445705807075 10.253922038899052
52.02397446069202 10.25824114945573
51.9147548214589 10.25782451668676
51.82039950065493 10.259589451548962
51.69034108058608 10.26061523536275
51.58342782324195 10.258403476758481
51.47635366204901 10.25619869514066
51.35123061085531 10.253635230460613
51.26446167081036 10.25000970683574
51.20096674986027 10.243155118283589
51.145517520069575 10.230909725286558
51.09077241881232 10.205718020626218
51.10687221883052 10.194915458164568
51.14357661852466 10.182660759345136
51.19820128418681 10.170749575450065
51.24745213719433 10.162435386041945
51.33526609606801 10.153010703135346
51.3664385374357 10.144329441226887
51.418174845651606 10.134184224945868
51.46723349154561 10.125838776144366
51.50350095030987 10.113518804006338
51.53969116130807 10.10118974923011
51.5732175755729 10.090663893445985
51.614412915450515 10.07469097641482
51.66577381122366 10.0644888303978
51.681125396491666 10.053598408163055
51.69895605516152 10.040887620076528
51.6961780346507 10.029652281648632
51.67279611339447 10.019898805153748
51.63131051035219 10.009815760066534
51.59220985257909 9.997922641125859
51.55297403545336 9.986036182718747
51.49551833755663 9.97383024097366
51.4222248934683 9.959496041944405
51.418773179173115 9.94827935800161
51.45393211737681 9.935885784600202
51.577179155037385 9.926897339239293
@49.989178922638416 12.199213168403274
49.985271109561126 12.099081621866448
49.98128404700523 11.99897596510161
49.981249393211044 11.997133532065712
50.10329041905854 11.985768927642107
50.253084321795285 11.969257294520272
50.36122563587995 11.954918680492792
50.49385216231008 11.944976198711126
50.62630282775771 11.935019746439313
50.79983898923413 11.92283154305103
50.97307012982739 11.910622148614308
51.137639286099215 11.901729506868229
51.35129551127952 11.887254424720604
51.52355123049176 11.874982378743297
51.70383023097921 11.859330935545566
51.79384714840933 11.851492034086885
51.9570229212959 11.842522586168784
52.15228547942925 11.834667894683893
52.40331803022991 11.832448608414714
52.55707278496595 11.826843851432235
52.71055161249444 11.821237574900065
53.016683731492975 11.810020356155963
53.192911917941586 11.808957969942796
53.423905951216284 11.813624463421952
53.61402732873998 11.820582305240002
53.72365495940247 11.832058973824122
53.832909472890975 11.843557120315566
53.9333737786246 11.858483136108452
54.07905519870556 11.882612322922542
54.13880455517119 11.899796449884688
54.30546417848967 11.928590075830835
54.45180276112319 11.938026336752687
54.60619679404169 11.944093123358835
54.78225022245891 11.954815404039236
54.94034027994144 11.9723916525656
55.045268626515366 11.984135871142174
55.11079480914654 12.024335247754534
54.88031228848405 12.02241532613288
54.66223568433816 12.028540252274333
54.426191171758376 12.041425675781326
54.268488104458186 12.050004106011055
54.1547448066147 12.067752299682262
54.080385818456875 12.083330741920282
53.98846333902591 12.10558754715588
53.75130301362759 12.144150814684146
53.54875851851074 12.169231781718684
53.389881976470974 12.177627961088692
53.23953468882618 12.182697967114402
52.9644039803469 12.182906422906003
52.75950546811748 12.182265347708773
52.522564381288504 12.180450328521314
52.253188226150314 12.177481674484456
51.94218981821862 12.176677740964637
51.725316979120095 12.179465352563863
51.3304250682265 12.182981078538484
51.10303100578676 12.189097740743456
50.91595802777593 12.19310980226337
50.784330260753364 12.202711950817521
50.61761468360962 12.22534821076974
50.52406979169163 12.246987308003577
50.392003241694766 12.256518406473488
50.24223199476276 12.272525846497496
49.992472108257914 12.28000851640543
49.989178922638416 12.199213168403274
@