74.69475472905984 17.59014202797339
75.00154245985789 17.539784673766462
75.28965167446623 17.470874842022084
75.60752769330566 17.420039995573013
75.88545449977548 17.32915446612185
76.12196444941006 17.262580037651247
76.45706011864385 17.20967442497282
76.72449522938189 17.162953164627833
77.08845350185825 17.13308558218997
77.3606737033349 17.186157212040534
77.76498350765593 17.108536649490425
78.17795575374237 17.029618076039462
78.58525922765364 16.922180159548144
79.0424775522975 16.895914537968274
79.50176145146594 16.873834652085723
80.14668880152664 17.070252186890954
80.43660632251553 16.942452132487936
80.7206493904358 16.73758816372596
80.66242221826457 16.491752023518814
80.57846539442957 16.275414432716165
80.48242080006145 16.092226559927383
80.33367060626603 15.870243766102323
80.06804889543639 15.780798914244892
79.7536769260229 15.660059154945705
79.23157186211284 15.654225506497804
78.79248410802893 15.640962098515772
78.02641417550831 15.567810881494802
77.46139400340252 15.508240365675059
77.14545127737813 15.407292617981192
76.7730580280039 15.234881437376995
76.28808768013536 15.03830761107037
76.18150689475124 14.840070267965846
76.30583389591939 14.672256291069242
76.77398697459154 14.511168488632546
77.06902764881198 14.283434541939679
77.35043185371677 14.100263960939534
77.53284155702579 13.936203177130691
77.77193208805113 13.562053607801587
78.10282392589062 13.320576176385094
78.52672850890823 13.097718001052174
78.85245648311786 12.897339363149289
79.13650256160128 12.619866238224756
79.19234812615821 12.33857050145319
79.21483717757852 12.050964262062672
79.21304129281373 11.645399076512286
79.70365085049843 11.32719849993339
79.95425962418585 11.013796309714785
80.31403943367016 10.707819937154909
80.63942710148464 10.384711828103418
81.07431578037034 10.060375072013906
81.28164700105847 9.76171657983168
81.63672513562233 9.398482209459672
81.79126343073267 9.008556721843936
81.89049212138929 8.608613900684134
81.93203430082355 8.202911744008661
81.90617948666355 7.728687963824841
81.69383218916343 7.408253662163385
81.56422075199038 7.018121278259478
81.41510813449386 6.701884776495145
81.09376926086176 6.4196215851561185
80.69924170368907 6.095386890241187
80.26884922409499 5.791288436478055
79.86429540299014 5.5572064195881445
79.31756724453362 5.239635318436282
78.92803537622046 4.961209606784411
78.58315920716356 4.740892018117965
78.22210137383772 4.530791505348681
77.77023592223901 4.2914846087145655
77.49120830762078 4.073801164302317
77.1960117545434 3.865263801375601
76.98950496017906 3.6374746356129464
76.66528077651057 3.4468259891046245
76.2442883738508 3.2343991007698634
75.90585269739455 3.006305228386779
75.64267555242319 2.869424568868581
75.46324434226355 2.711390064690839
75.27637924411863 2.5586652179047817
75.06425291958902 2.314373345764981
74.72933651827145 2.015839239786498
74.19671440205602 1.8918478079218346
73.34634284042602 1.7765746107168034
72.59761379513779 1.7224859845155684
72.17680091179685 1.6654183617676281
71.50557644240803 1.552192725707858
70.84547221012684 1.4781698963530587
70.108846872259 1.3859232998904112
69.21671947091929 1.292989920679318
68.73093785472577 1.2544070507559226
68.06918429788436 1.2470004201743947
67.02463372454045 1.1476158596132073
66.85475683316085 0.9978131515738227
66.67097210861525 0.8833472754639331
66.59262237848293 0.7269866989298919
66.43021000246708 0.5886416256915936
66.28652715754563 0.4251317313793166
66.06810135285033 0.2790375149867117
65.92086821366215 0.1514993071106403
65.68704454332445 0.06512024251182424
65.47548249211229 23.953489360020562
65.32987507066812 23.858119581628188
65.17184880791626 23.789340281613065
64.90416946191803 23.692438446501974
64.57026965105814 23.60644769778653
64.29809754962054 23.53477844979742
63.92592020025276 23.434369672885854
63.56353615039012 23.333818511959798
63.18525808811145 23.25615307618433
62.81272998657229 23.177634022380182
62.42556118868555 23.061081876862723
62.001166862386384 22.929539126776746
61.72412811071362 22.841594208511818
61.482519237195646 22.73212593396154
61.322424394636016 22.61700005861112
61.005005644781306 22.480011774439504
60.81452490411499 22.35306982581197
60.63807960186412 22.261440581112275
60.506743948697704 22.184812399215392
60.60763723739464 22.09566828613731
60.631939350774616 21.980973800850094
60.663469299079765 21.86940406223076
60.703216231674446 21.76093946878018
60.82283021927927 21.681896986366652
60.90674330631387 21.62074251830491
61.1083206880634 21.542798247413206
61.240432841828806 21.46970860073415
61.36578886338404 21.4254535377617
61.678437743850964 21.363583981453107
62.072572343553304 21.33913546845579
63.26141447114489 21.1736989217979
63.32035656259353 21.10471032824079
63.59650455263841 21.04394951280641
63.63478568117969 20.958107856416525
63.54921365521571 20.90700281922314
63.374310439073554 20.8361740470409
63.105415595937416 20.78617272827458
62.82200689241711 20.7247823390791
62.608703468280964 20.662388891368238
62.47005148521856 20.599696833031814
62.34828148575173 20.547215340125177
62.07858366495219 20.48263718389311
61.75925688530924 20.44776504183558
61.42572481222322 20.40134161563418
61.086469186084685 20.353856473529316
60.753653460801075 20.32713584933247
60.32350914702354 20.28735912211207
59.97283750963527 20.259230322829897
59.436926491263904 20.227266232469795
58.788821071013274 20.19259021365564
58.20943005019669 20.158587887319015
57.702418956707476 20.1137512203395
56.99268679861183 20.099812666556332
56.36194496997888 20.087603690015037
55.70997234770607 20.07515476784581
54.93207893724599 20.072907092296603
54.3754800728733 20.087717576122568
53.55356540723409 20.085847358283292
50.494057496471925 20.06053377325272
50.975222319593854 20.028942056769086
51.55878619801388 19.97380896620376
51.90114033191594 19.92830160273984
52.401202512071904 19.911976489856773
52.75253208601072 19.86773972814164
53.36327483387461 19.82941884188655
54.2160809229554 19.79746016704052
55.284819277233964 19.772312664133548
55.97414672563434 19.764526463287222
56.42617817802045 19.7516235510722
56.984545258191076 19.730113192902927
57.52552513044924 19.72107557671843
57.990932465868696 19.663195996318155
58.338708239099105 19.626428842076
58.449033413079405 19.534400021472074
58.63129466798742 19.48040792503619
58.74365109488164 19.411409099189125
58.8484665446766 19.353803062566342
58.812838590084795 19.264638526761352
58.74104926466174 19.197725916535134
58.678024569069606 19.129946651084243
58.34371835836325 19.03518640860561
58.19223691431267 18.96000127551947
58.404537896946266 18.886275235247922
58.697011590655706 18.82976443603549
59.140300588708925 18.766446927527515
59.76599491543794 18.75761623805936
60.25339568908589 18.785953634881487
60.68611869101011 18.82608130665457
61.14391808685045 18.854233432437983
62.2135890949159 18.88276433313244
62.4086764746383 18.827043669396176
62.652921427973354 18.75994376453918
62.78309445137734 18.69738083368754
62.87680290634967 18.64553591935305
63.02177146350664 18.581737516992096
63.093037913232564 18.510129570638867
63.07357353393593 18.460764882844686
62.95655671121918 18.352348752447277
63.23942291870961 18.25985773777044
63.564918383236005 18.18665438050097
64.03782388464998 18.1094448073789
64.42627826336721 18.078201148306903
64.8713989678968 18.03564651714986
65.24081164788453 17.984557126096163
65.82115986368521 17.941604086266715
66.38794509417795 17.87855966496109
66.826917365235 17.81809002637744
67.2075345837078 17.77003153313296
67.71846103802815 17.6991251591826
68.36213947232844 17.653260457675643
69.71312516606744 17.535602228085907
70.21307345365244 17.521276876496636
70.74032156237777 17.548048523578558
71.13464387749906 17.57377585285625
71.58303102478209 17.6536427920633
72.5960665648239 17.59508706026202
72.96990009044151 17.607208604656982
73.46653245790401 17.606002529227062
73.95403280184621 17.60915973374691
74.36641728001621 17.623726798722256
@51.57680400732488 10.194817157493876
51.6589237132076 10.188816637054357
51.767422009347314 10.190732385071701
51.89380125596006 10.192974921905119
51.9814972131997 10.196406225879642
52.06907130677678 10.199844218382475
52.1540677510757 10.20511576255008
52.256870040095436 10.210722320318565
52.336619742870596 10.219671651182978
52.45196145994095 10.229294129468649
52.54915997159313 10.238605671725594
52.6104811768229 10.247265843615793
52.70475087287312 10.258440666630216
52.80384114298721 10.265966301452144
52.94073633230667 10.272351391843381
53.10011397172241 10.27542127282481
53.22382290932606 10.27781905441268
53.36493488389647 10.280570261132844
53.50318128515795 10.285177984845648
53.64112350045011 10.289801701883684
53.76384332852831 10.292243052551372
53.861050916418094 10.299893477271521
53.97288534477775 10.309764197638136
54.029524664012285 10.320441508908388
54.09282944953074 10.338896352718905
54.161136234290495 10.353665043343154
54.19717403841193 10.365868763758746
54.23307618507761 10.378078924623916
54.23691357400901 10.387706359015137
54.22066698355292 10.398814364296689
54.18704474834246 10.40954575563941
54.165209573591824 10.424339112872486
54.14601302284703 10.437275594714592
54.12949151450877 10.44835825440278
54.10459293322464 10.464972233878695
54.03263109117114 10.46530109061319
53.96613980432784 10.461944800569723
53.87945940972568 10.460059264988056
53.7752935753802 10.457803302186173
53.7176371399658 10.46035692195786
53.66628764357611 10.47063676788979
53.667040393663456 10.482039680006075
53.73436742497381 10.49679960623491
53.766781068682576 10.510808087784307
53.735386771758954 10.519607985204559
53.64304612185842 10.521357868873519
53.53885143440897 10.519057846993004
53.434493870939065 10.516765216018447
53.29509725978829 10.513719815816781
53.102954846075136 10.509553611429585
52.96009058231982 10.508363852120617
52.81972619963909 10.50536007200064
52.67353419950962 10.506010506605843
52.54193610553196 10.508856369058865
52.40736948369161 10.513516761667
52.293056698023804 10.516729001975767
52.16089323320483 10.519566985424314
52.08449103083265 10.521705412613706
52.02299104964649 10.526023500239512
51.913734637717056 10.52560831164744
51.81934364757279 10.527373624237194
51.68923838499944 10.528400488909062
51.58229193278507 10.526190863836012
51.47518440784822 10.523988214657818
51.35002221814415 10.52142723631627
51.263229440659956 10.51780420294972
51.19972484515276 10.510953183881503
51.1442791107915 10.498713514965953
51.08956365172972 10.473532910297985
51.10569069863476 10.462734631692102
51.1424328767836 10.45048455295817
51.19710125239061 10.438577602929582
51.24638667436946 10.43026621208892
51.334251040356776 10.420844272916224
51.365452868325065 10.4121661508443
51.41722900987014 10.402024387047238
51.46632280676019 10.393681674757024
51.502630079776566 10.3813661946922
51.53886048431136 10.369041611790465
51.57242240471126 10.35851951759049
51.61366888257902 10.342552406750116
51.66507117176877 10.332353592464301
51.680453992461764 10.321467265365637
51.69832149081475 10.308761238285976
51.6955702586674 10.29753036239928
51.6722049684289 10.287781061201889
51.63073117553503 10.277702587154673
51.59164815728025 10.26581471176955
51.552430413011564 10.253933493249617
51.494988150958335 10.241733191799986
51.42170927618949 10.227405707163841
51.41828714662421 10.216193436886709
51.45349191105103 10.20380410791851
51.57680400732488 10.194817157493876
@49.99040366393368 12.499267032346562
49.986539118258804 12.39912677062222
49.982565576117594 12.299012019217077
49.98165765050754 12.264243529125087
50.102907931847284 12.252954360325024
50.25268381201212 12.236446699382824
50.36080649896769 12.22211148797364
50.49343177181615 12.21217165387801
50.625881830727934 12.202217874545376
50.79942046920257 12.190033025870935
50.972655087983725 12.177827022066099
51.137235235948054 12.16893704698307
51.350899767190384 12.15446609026657
51.52316190129454 12.142197532173288
51.70344230386121 12.12655039351118
51.79346041276631 12.1187136626159
51.95665087548136 12.1097469898307
52.15193814279243 12.101894983516114
52.403020136396805 12.099677382147886
52.556796400438856 12.094074622480582
52.71029702854602 12.088470347757221
53.01647359510093 12.077257144577063
53.19273851788168 12.076195855965457
53.423792458999145 12.08086244401711
53.613968861463235 12.087819703910705
53.72364228578266 12.09929442843673
53.83294236574599 12.110790675233677
53.933456742334954 12.125714073855212
54.07921533208744 12.149839091588484
54.139010425079306 12.16702010620406
54.30576034650184 12.19580910788008
54.452146832362445 12.205244480729082
54.606583542691936 12.21131110313469
54.78269266563177 12.222032540212302
54.94084761804808 12.239606672515793
55.04581894512256 12.251349538972738
55.11143565732405 12.291542587971128
54.88090612247046 12.28962136225883
54.662801112159144 12.295743762102267
54.42673952779637 12.308625439966526
54.26902570826081 12.31720139102613
54.15530001689558 12.334945951827516
54.08096186704174 12.350521432516333
53.98907283086575 12.37277419505141
53.75196067929426 12.411330166779447
53.549442493821175 12.436406224093833
53.39056095503534 12.444800155077
53.24020244311782 12.449868438149243
52.96502935337526 12.45007499147155
52.76009743944803 12.449432636574565
52.52311507957026 12.44761631727064
52.253689683004524 12.444646356078634
51.94264148956864 12.443840607198284
51.725743285237996 12.446626516335133
51.330801920681324 12.45013942846907
51.10339170588625 12.456253937212294
50.916303088295365 12.460264393861083
50.78468461966244 12.469864494823348
50.61801335212135 12.492496823528226
50.524521602323944 12.514132655369812
50.39246713135779 12.523661867867672
50.242726776346046 12.53966659366595
49.99260252772831 12.547157809734895
49.99040366393368 12.499267032346562
@