74.69443660816344 17.622515642067285
75.00092086989503 17.57214411612639
75.28865389118482 17.50323115667283
75.60624843755252 17.452378112078584
75.8837321170569 17.361502211750018
76.119927839199 17.29492986576095
76.45477123410214 17.241999987634838
76.72199499677586 17.19526025121781
77.08581193220002 17.16534193244758
77.35822773534252 17.21832313934951
77.7622146019647 17.14066486573695
78.17487791986323 17.061702158921616
78.58179061873008 16.954236276513186
79.03891974801104 16.927861833516538
79.49813489921289 16.905657139724426
80.14373162475056 17.101711926931777
80.4332244709004 16.973890319782715
80.71662588049824 16.769067881008233
80.65766260905355 16.523465044792108
80.57309832285588 16.307361172157687
80.47657047473419 16.124389660325825
80.32727496865883 15.902688696093424
80.0614276939603 15.813431726193954
79.74676914671312 15.692923213780018
79.22460322754048 15.687255881269017
78.78544811357796 15.674129318979604
78.01916429984328 15.601245566540989
77.4539819329294 15.541862013651091
77.13783265676327 15.441081518837805
76.76513610813976 15.268915229682875
76.27987216437157 15.07262183195245
76.1730796495078 14.874591866277896
76.29727674639383 14.706913167383854
76.76533976086591 14.545893039642756
77.06027407126706 14.318310416249222
77.34161608102036 14.13524880433894
77.52398644602431 13.971293396365319
77.76304609298995 13.597396744088366
78.09392782849423 13.356045230941902
78.51781294009521 13.133283267328604
78.84353001961276 12.932997788542085
79.12758815332259 12.655671762340361
79.18349269586614 12.37454017376754
79.20605428500224 12.087090944214959
79.20436705678355 11.681726504968601
79.6949501992512 11.363685033971077
79.94558288021236 11.050449385246447
80.30537244737985 10.74466253817215
80.63079975333198 10.42177527417968
81.06575039447819 10.097714883983022
81.27319325566637 9.799297594639423
81.62846040058915 9.436420428872317
81.78327225747356 9.046833751975669
81.88285312735343 8.647230628010034
81.92482759331673 8.241852424916456
81.899573344181 7.767964275791414
81.68763447035369 7.447640219879574
81.55863858120304 7.0576942157550775
81.4100722714845 6.741567724947455
81.08918268164783 6.4592920268135146
80.69521182110691 6.13502068803065
80.2653671722833 5.830851201512978
79.86123684024071 5.596679887630234
79.3151424705253 5.278982570654637
78.92626748738903 5.000464177822423
78.5819273461639 4.7800507357183015
78.22139172581367 4.569840779181053
77.77013082449804 4.330388582803987
77.49172949418076 4.112593533231969
77.1971290843666 3.903930982953703
76.99131742629629 3.67601647131524
76.6676129121062 3.4852222891521762
76.24716891234331 3.272615326061292
75.90933833860916 3.044342290998287
75.64649027060094 2.9073414936426403
75.46746090444216 2.749187084726209
75.28096039228825 2.596342998924058
75.06940102449792 2.351872882640322
74.73508158850444 2.053114552696975
74.20255616769984 1.9289859985849134
73.35213024264206 1.8135554959047866
72.60323275795633 1.759363784960275
72.18236585157865 1.7022296103009822
71.51107422759304 1.5888969092948813
70.85081140550113 1.5147937588745428
70.11399737262397 1.4224647959496153
69.22157073250219 1.3294518437411682
68.73558930329216 1.2908341131288523
68.07347306024474 1.2833908936264962
67.02844250233403 1.1839505620557063
66.85870975416199 1.034145838078743
66.67502420048194 0.9196862358391975
66.59696906818311 0.763349559151461
66.43481130888753 0.6250347445508737
66.2915401981511 0.4615717957855381
66.07351395160259 0.3155308513088144
65.92673156180439 0.18804406563878473
65.69318928678169 0.1017098760748496
65.48210206853551 23.99013618348808
65.3369737191532 23.89481482893823
65.17930728950827 23.826075550337002
64.91217856415537 23.7292358001979
64.57880892466358 23.643311864434214
64.3071373250028 23.571699334918534
63.93575314696429 23.471370322817894
63.57427247647476 23.37089778267775
63.19678057562973 23.293306253341797
62.82513252318489 23.214860075612275
62.43936897833822 23.098386459688307
62.01672423559327 22.966919425936485
61.74094531722173 22.879015845553276
61.50091442776204 22.76956991991905
61.34245612640774 22.65443546884966
61.027173819946256 22.517437375438988
60.83858995929174 22.390444976870818
60.66357249277266 22.298772158689154
60.53340595294955 22.222095426249837
60.63522099745316 22.132840954647904
60.66079936799525 22.018008315370654
60.69346283691689 21.906288131705246
60.73419515175925 21.797663043379607
60.854277397564914 21.718483158862576
60.9385241158858 21.6572204922689
61.14027153708625 21.57912198266275
61.272597608898565 21.505892959360814
61.39795847114948 21.461546739340953
61.71028700413021 21.399532702594293
62.10372156512676 21.374995485427302
63.29077156965096 21.209147266019492
63.34976409792179 21.14003667243001
63.62547638868091 21.079146917511984
63.66378099373449 20.99315725756479
63.578407595635895 20.94197296652728
63.40385772529632 20.87103730253657
63.13548429339377 20.82096978049772
62.85259763522194 20.75949206418993
62.6396387472399 20.69700281525226
62.50113895503094 20.634208932988425
62.37947922649681 20.58164224368328
62.11013136255565 20.51696443934172
61.79134377761005 20.48204500405204
61.45831902289544 20.435553078697133
61.1195556360031 20.387996161561453
60.78731343225624 20.361238460625707
60.35786991086613 20.321402738125958
60.00778649843204 20.29323193679449
59.47284088749424 20.26122088487329
58.825927026224775 20.226491862033438
58.24756851936448 20.192433824765136
57.74130315730102 20.147518912395356
57.03308036715467 20.13355634963094
56.40369932826556 20.12132431571546
55.753151208614526 20.10884992313209
54.97713889754854 20.106593815361855
54.42212959118163 20.12143007233061
53.602299370576276 20.119549992469217
50.550601093207604 20.09414469175782
51.02988230389758 20.062491613213
51.610913805538104 20.007254099326637
51.95157515468733 19.96166383357832
52.450101658619644 19.94531849052442
52.79979978056741 19.901008777964734
53.408441302548965 19.862635879228726
54.2587792297212 19.830645126687113
55.32479139162578 19.805483342691673
56.01254820716747 19.797700633807644
56.46345876941086 19.78478847659889
57.020395255423495 19.76325927547494
57.56018481022784 19.754219909967055
58.02393010073405 19.696274291729267
58.37057839250437 19.65946919991495
58.47947805990907 19.567338800394605
58.66069768669081 19.513295222672312
58.771925595016 19.44423368677338
58.87578012842158 19.38658046651237
58.83895192464536 19.297346461426613
58.76630604154002 19.23038716800053
58.702382303308354 19.162566633035745
58.36709622257041 19.067751687456905
58.21465863308646 18.99253430727099
58.42560770469126 18.91879306536843
58.716931780090306 18.86227787874824
59.1588578004544 18.798961666316945
59.783822316817975 18.79014368762646
60.27113389477461 18.81849491199745
60.70395625910041 18.858638210228488
61.161652110235906 18.886805111663833
62.23057505553567 18.915361107055467
62.42481214878674 18.859629669584518
62.66804564460102 18.792520619328364
62.79738345106941 18.729951575798214
62.890421173586105 18.678104100841747
63.03455160363555 18.614306031766205
63.104963938606915 18.542701814483788
63.084966355786634 18.493341812562083
62.96683193191501 18.384943111859904
63.24851901641466 18.29247602912027
63.57305786167902 18.219295388047428
64.04492922395758 18.142112142098075
64.43288419031018 18.110878510514695
64.87738767642364 18.06833759652068
65.24616172359546 18.01726612485255
65.82588069456159 17.974324364259843
66.39190147099347 17.91129951813538
66.8302156717084 17.85085041417457
67.21032138299813 17.802807350404045
67.72054497146357 17.73192473407155
68.36370352219745 17.686063813252243
69.71355073524734 17.56841556757377
70.21329738511355 17.554072058283772
70.74059605320423 17.58079683494045
71.13498663249999 17.606484493039478
71.58374848034708 17.686278437408834
72.59620643955401 17.6276749815935
72.9700253482873 17.639757491183637
73.46654404594273 17.638504940277667
73.95395889511104 17.64161003698507
74.36633363383126 17.656123691757063
@51.577549065119314 10.23016108348047
51.65958282042513 10.224158629388423
51.768022761745414 10.22607931844409
51.89433433700992 10.22832762518125
51.98199375608044 10.231764345021617
52.06953142233522 10.235207750694446
52.15450293459344 10.240485992808614
52.257270747537945 10.24610006491804
52.33701785899092 10.255058650835192
52.45233760329222 10.264692012830373
52.549523250096854 10.27401360404168
52.610850110845604 10.2826821813482
52.705116844054714 10.293868314453562
52.80418238432773 10.301402671845034
52.94102343232311 10.30779680584145
53.1003170472855 10.310873971117891
53.223961118280045 10.31327742045017
53.36499947722376 10.316035106508524
53.50318300419519 10.320650572178698
53.641062735853296 10.325282022622071
53.763719432184786 10.327729036540278
53.860903126235485 10.335388064300089
53.9727144086153 10.345269424770423
54.029366775625675 10.35595619577893
54.092713328479306 10.374426297834832
54.161041379461295 10.38920773286124
54.19710812826233 10.401421356193799
54.2330384618414 10.413641420289485
54.23691236917915 10.423275939517806
54.220719952261476 10.434391530234436
54.18716052033881 10.445129760045456
54.165396060268364 10.459933302824238
54.1462605829299 10.47287872899205
54.12979082523276 10.483969078259173
54.10496883091349 10.500594630599432
54.033053134763804 10.500921780268634
53.966591206942695 10.497561199735665
53.879958280185576 10.495671914596906
53.77584969003507 10.493411451392813
53.718239162422634 10.495965428904231
53.66696011304393 10.506251623307932
53.667753800739206 10.517663141370269
53.73509049458312 10.532435940741214
53.76753219303765 10.546455809233574
53.73618800183482 10.555261551239235
53.64391242992903 10.55701043900612
53.53977687832571 10.554706061056473
53.435478764371766 10.55240907312659
53.2961619093243 10.549357862577336
53.104130079758136 10.545183667674626
52.961355205972296 10.543989444589215
52.821072544860954 10.54097985848775
52.67497959124324 10.541627206828572
52.54347921526414 10.544472096501881
52.409019225956854 10.549132922748957
52.29479470720858 10.55234498118312
52.16273058385701 10.555182097664371
52.08638777731596 10.557320441321275
52.02494489280295 10.561640561255807
51.91576154242068 10.561222502847636
51.82144142281976 10.56298706463119
51.69142922968567 10.564011781312027
51.58454872922019 10.561797916717508
51.47750749148048 10.559591030182096
51.35242306220792 10.557025111247043
51.26567764362758 10.553397129612438
51.20219226554585 10.546539017987808
51.146739578346825 10.534287975485393
51.0919652079381 10.509085315652209
51.108038112202394 10.498278525371328
51.14470522209837 10.486019266987663
51.19928674472294 10.474103904784998
51.24850347786858 10.465786953595824
51.33626768650021 10.456359563186462
51.367411121695795 10.447675202647051
51.41910811343567 10.437526579274504
51.46813206485382 10.429178429985814
51.504360224033974 10.416854024746295
51.54051076101095 10.404520556824377
51.57400212826337 10.39399098888768
51.615146990514916 10.37801234195004
51.6664670296629 10.367806908122446
51.681787781629055 10.356912444530609
51.699582074848195 10.344196957981431
51.6967776088203 10.332957215558515
51.67337926662921 10.323199618452026
51.63188199941061 10.313112062122803
51.592763923011915 10.301213768279009
51.55351025939527 10.289322138602751
51.496041290171604 10.277110630355338
51.422733453585835 10.262769804768613
51.419252532933 10.25154876516954
51.45436623644824 10.239151003366587
51.577549065119314 10.23016108348047
@49.98905247120683 12.499202266342007
49.985143047587485 12.39907223093912
49.98128634470456 12.301155556689233
50.103667376933856 12.289757469309949
50.25347907950521 12.273241916201068
50.36163878765393 12.25889994430901
50.4942665603034 12.24895484945866
50.62671783333357 12.238995759183723
50.80025156145339 12.22680424487717
50.97347928049362 12.21459150405644
51.13803759796241 12.20569623031987
51.35168563889124 12.191217076512888
51.52393503790455 12.178941588121525
51.70421266720285 12.16328589660235
51.7942284149635 12.155444852918173
51.95738969875424 12.146472665897967
52.152627879634366 12.138615323945874
52.403611641552374 12.136394374030859
52.55734517470921 12.13078764549647
52.71080249310762 12.12517939297262
53.016890758252316 12.113958210441014
53.19308269331134 12.112894740393198
53.42401760526167 12.11756113958568
53.614084678534084 12.124519554835564
53.72366711171688 12.1359981413168
53.83287665197568 12.14749816191118
53.933291537365164 12.16242675981256
54.07889678982349 12.186560059860708
54.13860100190479 12.203747257661677
54.30517149978357 12.232545445765847
54.45146280524173 12.241982582257155
54.605814720084595 12.248049530114436
54.78181318221962 12.25877264230156
54.939839190275364 12.276350978107551
55.044725116397984 12.28809653026676
55.11016193960228 12.328302149882235
54.879725813129596 12.326383516245112
54.66167723563328 12.332510936208116
54.425649560283546 12.345400056704305
54.26795709696242 12.353980933892307
54.15419641276719 12.371732712563407
54.079816850626656 12.387314077194922
53.98786135401002 12.40957487157665
53.750653462950226 12.448145338503748
53.54808298653637 12.473231150515536
53.38921136775704 12.481629548983168
53.2388751509265 12.486701255673678
52.96378626061298 12.486911589946327
52.758920706933424 12.486271778409208
52.5220203464562 12.484458043186624
52.252692781210925 12.481490680213248
51.94174349784464 12.480688539318976
51.724895683950535 12.483477831630278
51.33005256534119 12.486996335636764
51.10267443378086 12.493115123472865
50.91561688276772 12.497128769192011
50.783979930395475 12.506732938401404
50.61722060787244 12.529373077376594
50.52362325662452 12.551015396305626
50.39154477701166 12.560548355874978
50.241743030354854 12.576558474067001
49.99245027446909 12.584029473758797
49.98905247120683 12.499202266342007
@