74.69420419686733 17.318037612121543
75.00047494457709 17.26765619858001
75.28794329785555 17.198741150414403
75.60533980557929 17.147875387513352
75.8825117484293 17.057006407037246
76.11848641463885 16.99043563309893
76.45315231283834 16.937488774389873
76.72022737659964 16.890736120025494
77.08394482823954 16.860782169377366
77.3564981303517 16.913699695855605
77.76025777029147 16.83601503503275
78.1727037122971 16.757021431012177
78.57934148455396 16.649536074817938
79.03640773179646 16.623085167937198
79.49557436118366 16.60079276845637
80.14164148541542 16.796592108113252
80.43083555372019 16.668755627277584
80.71378565708093 16.463962836083084
80.65430494465184 16.218524499981175
80.56931372234666 16.00258529847464
80.47244628617776 15.819766151028901
80.32276763886219 15.598263571018222
80.05676196563314 15.509138730968507
79.74190216148281 15.388792847368956
79.21969363335432 15.383242361868765
78.78049130079341 15.370211959895602
78.01405736940413 15.297516218680208
77.44876113849409 15.23826410145446
77.13246678623736 15.137601229921964
76.75955720217883 14.965607173399922
76.27408707091712 14.769510983704683
76.1671458657126 14.57162687297863
76.29125174351265 14.4040433297344
76.75925149495242 14.24307083626776
77.05411114746653 14.015594651330963
77.33540951505975 13.832609685488142
77.517752302621 13.668728384639175
77.75679042153993 13.295009573848844
78.08766513027936 13.053746606113986
78.51153659006846 12.831052300943634
78.83724604088022 12.630832325475643
79.12131270243185 12.353609714369052
79.17725878181218 12.07259351804546
79.19987142962526 11.785254663641117
79.19826065256339 11.380031349692226
79.68882515292927 11.06210170511927
79.93947459092925 10.748983111264195
80.2992709248553 10.443329454405324
80.62472598601283 10.120597384655007
81.05972002817848 9.796731177551912
81.26724124550839 9.498483387841636
81.62264105548053 9.1358572195031
81.77764503334228 8.746508688403225
81.8774732920183 8.347144397367929
81.91975148585448 7.94199404735166
81.89491930671497 7.468342107997094
81.6832675995606 7.1480958351296
81.55470451847802 6.7582812261039
81.40652242495057 6.442232420054417
81.08594896307773 6.159948240259503
80.69236987313269 5.835651482760646
80.26291084037365 5.53143235016876
79.85907867333285 5.297198446127936
79.31343056527632 4.979412623156978
78.92501809565096 4.7008292728749375
78.58105542910445 4.480348567239332
78.22088760050579 4.27006175428852
77.77005253279458 4.030507462502705
77.49209230379088 3.812634015748607
77.19791181153869 3.6038834775353124
76.99258977962808 3.3758808721041866
76.66925139029252 3.18498431686179
76.2491938034145 2.9722506431573272
75.91178955772742 2.743851533296983
75.64917337423884 2.6067661713560426
75.47042711904538 2.4485273695893355
75.28418347686744 2.295599346448917
75.07302353030391 2.051003749333301
74.7391246733651 1.7520875335566615
74.20666749669564 1.6278623825517329
73.35620348480381 1.5123210504941298
72.60718753811369 1.4580567053932327
72.18628267226265 1.40087564616816
71.51494388123379 1.2874675253722216
70.85456949480124 1.2133077915503137
70.11762270239805 1.120920807534457
69.224985480154 1.0278518023072358
68.73886342200831 0.9892095148010647
68.07649190027465 0.9817405188244024
67.03112350443237 0.8822609032197803
66.86149222038426 0.7324547615929724
66.6778764682777 0.6179995781007435
66.60002868826032 0.46167973526981854
66.43805013003904 0.32338623169971825
66.29506879796776 0.1599563484980493
66.07732374458686 0.013952925491174994
65.93085857583799 23.886502362056138
65.69751431284456 23.800199780431505
65.4867612415284 23.688666375144443
65.34197002719932 23.593379136947846
65.1845568076927 23.524668054547327
64.91781553286634 23.42787204632111
64.58481892249043 23.341995182861503
64.31349947575865 23.27042261738584
63.94267337215814 23.170149814457716
63.5818283182937 23.069732686253865
63.204889511886364 22.99219324568508
62.833860607507205 22.913798438403695
62.4490857968097 22.797380205724473
62.02767207145561 22.665966595925596
61.752779589450284 22.578092200379594
61.5138590779178 22.46866210038732
61.35655245700974 22.353521689806673
61.04277354324782 22.216516784830965
60.855524617129106 22.08948891897723
60.681511969653656 21.997785450351508
60.552168199804896 21.92107454398012
60.65463220378203 21.83174232185607
60.68110897953471 21.716812337993012
60.714570386335055 21.6049861258849
60.75599635803883 21.496247906058258
60.87640833049778 21.41697115229049
60.96088995773076 21.355632199811723
61.162757227546194 21.277424934857578
61.29523393256602 21.20409763124665
61.420598264439946 21.159687130032175
61.73270148977909 21.097571207920193
62.125643577485675 21.072971438708812
63.31143252350367 20.90683292164034
63.370460376989 20.83763629381373
63.64586592888918 20.776655616852217
63.684186759100356 20.69056158615556
63.59895292042199 20.63932140344832
63.424651361504345 20.568310355534198
63.15664455445321 20.51819613935211
62.87412487563057 20.456656832732392
62.661408030965106 20.394100021485603
62.523014918035784 20.331234334919266
62.40143241378797 20.27860756849103
62.1323302798132 20.21385949322795
61.81392174258275 20.178906699346207
61.48125348517294 20.132366464381498
61.142835938281905 20.084758929102776
60.81099690707467 20.05797507311534
60.38204591685184 20.01809773905513
60.032375938099506 19.989897310280003
59.498108959343796 19.957853125280607
58.85203267103094 19.92308670404238
58.27439980709133 19.888989364450044
57.76865818939004 19.844019271355183
57.061496457801184 19.830039744820482
56.433071945599266 19.817791422248074
55.78352504896833 19.805299038833084
55.008835010799544 19.803036941746843
54.45494328621345 19.817891332549124
53.63657802621651 19.816004253909412
50.59036621669853 19.790534132922176
51.068323322745925 19.758837829150828
51.64757418502151 19.703526754058654
51.98704495211632 19.657878090004345
52.4844920526709 19.64151852481903
52.83304266354088 19.597157438147036
53.44020672004254 19.55874794127854
54.288809421089894 19.52673465553134
55.35290503908794 19.50156289247685
56.039557737862594 19.493782694529546
56.489680149043096 19.480864060601036
57.04561058406395 19.45932163257461
57.584563195702174 19.450281076418648
58.04713902696594 19.392288998120698
58.39299404277037 19.355457227190186
58.50088999706455 19.26325534632929
58.68137645198411 19.209175563441644
58.79180987738201 19.140069929325872
58.89498796415421 19.082383542732966
58.857314581385936 18.99310071057562
58.78406550759914 18.92610861986358
58.719508727545815 18.858259109472396
58.383532364789204 18.763405762018028
58.230421535851264 18.688165784358663
58.44041932993113 18.614413968380994
58.73093462293764 18.557895799478857
59.17190186448815 18.49458062477077
59.796353389693735 18.485771636119363
60.283602685861354 18.514132570506554
60.71649543147092 18.554286826497812
61.174118872121 18.582464109184702
62.242516321858886 18.611037783134233
62.436155053207045 18.555298851566555
62.67867679434153 18.48818347469986
62.80742681971415 18.425610229431882
62.89999252262828 18.373761036589748
63.04353317051715 18.309963308767315
63.11334444236368 18.238361833871945
63.09297160439024 18.189005209593873
62.97405064623615 18.080618950966578
63.25490817998377 17.98816887324401
63.57877407810878 17.91500434900392
64.04991802258084 17.837839769208696
64.4375217613651 17.806613254394225
64.88159114837296 17.76408207231086
65.24991600012228 17.713023300198987
65.82919243934535 17.67008955688913
66.39467554490338 17.607078594905822
66.83252688372593 17.54664404134987
67.21227282780623 17.498611914060014
67.72200205433134 17.42774612870957
68.36479498038264 17.381887946186307
69.71384147840362 17.264246915657736
70.21344632445647 17.249890659353007
70.74078058504651 17.276582430031514
71.13521920145848 17.302242146116633
71.58424465866906 17.381984623423136
72.59629631479666 17.323347692316936
72.97010493677803 17.335402725833944
73.46654365632261 17.334117485372428
73.95389833891323 17.337185922933283
74.36626620050725 17.351661983250995
@51.57807274065257 9.927773894114914
51.660045989919325 9.921770080251703
51.76844486826022 9.923694248590857
51.89470882450627 9.92594661824874
51.98234253820445 9.92938715124859
52.069854576888815 9.932834368174994
52.15480855624486 9.938117325772042
52.2575521198807 9.94373668822191
52.33729742996391 9.952701789332945
52.45260173345855 9.962342813336496
52.549778348066894 9.971671478771862
52.611109209121565 9.980345973029166
52.70537388215516 9.991540067984001
52.80442203383657 9.999080566056186
52.94122499021253 10.005481067164263
53.100459474017185 10.008563361513103
53.22405789571721 10.010970801639255
53.36504444808011 10.013733049931647
53.50318373170862 10.018353966477608
53.64101949458262 10.022990861752744
53.76363176156755 10.025441863220205
53.860798652227004 10.033106947388262
53.97259366097563 10.042995798223744
54.029255229643496 10.053689228166068
54.09263121031961 10.072170070592534
54.16097425263143 10.08696047668692
54.19706139264892 10.09918107075113
54.23301158362921 10.111408105824387
54.23691120846249 10.121047611941655
54.22075693761255 10.132168541741335
54.18724172516713 10.142911584729411
54.16552705830989 10.157722296801854
54.146434585221954 10.170674018653791
54.130001267139534 10.181769780455104
54.10523320046636 10.198403478751885
54.03334998548081 10.198729426225839
53.96690871847929 10.195365825050098
53.880309200486124 10.193473899861825
53.776240899753475 10.191210267929208
53.71866268833065 10.193764496778265
53.667433237263566 10.204055159523193
53.668255753770495 10.215472735445559
53.73559926644617 10.230254596974154
53.76806072794645 10.24428248121982
53.73675181471967 10.25309233714612
53.644522051553395 10.254840523213343
53.54042812155586 10.252533078158326
53.436171849838246 10.2502330224867
53.296911129152306 10.247177720839787
53.10495713108577 10.242997899735364
52.962245174216406 10.241800533377646
52.82202002996377 10.238786859179621
52.675996792012455 10.239432033873802
52.544565199345385 10.24227623777191
52.41018027020414 10.246937368264746
52.29601788286041 10.25014929781602
52.16402368517893 10.252985803015411
52.08772268743343 10.255124087305111
52.02631999637387 10.259445637439951
51.9171880698523 10.259025558010148
51.82291783486508 10.260789590568386
51.692971149870914 10.261812794201564
51.586137066132835 10.259595944365861
51.47914248103723 10.257386074101538
51.35411277900269 10.254816676240061
51.267400688034996 10.251185210551531
51.20392882539403 10.244322105540547
51.14847122523898 10.232063056031668
51.09365534948142 10.206844869851071
51.1096901280159 10.196032087891956
51.146304381304645 10.183766367827355
51.200824753219365 10.171845084414498
51.24999312634634 10.163524219525037
51.33768682453231 10.154092992614434
51.368789145329885 10.145404240913592
51.42043041048984 10.13525078939368
51.46940518719961 10.126898813354687
51.50557764044578 10.11456812587031
51.541671940640896 10.102228404021172
51.575113630092915 10.09169357559665
51.6161869407228 10.075706808787213
51.667449069788944 10.065496716040983
51.68272611370725 10.05459652538487
51.700468856659086 10.041874380613146
51.69762689908424 10.0306283971284
51.674205272390736 10.020864960396864
51.632691460176574 10.010771010730098
51.59354868129151 9.998865383103908
51.554269708484554 9.986966424818439
51.49678191197634 9.97474702772966
51.423453654889386 9.960396810975311
51.41993132822631 9.949169598994791
51.45498091153908 9.936765902245883
51.57807274065257 9.927773894114914
@49.98914501296835 12.199196620467724
49.9852423263996 12.099066954413603
49.98130809257634 11.999845817311183
50.10420070761819 11.988397496123056
50.25403765831351 11.971876387993536
50.36222345261257 11.95752965774202
50.49485300678256 11.947580859614641
50.62730515616272 11.937618030705718
50.80083545484854 11.925421824007985
50.974058343804444 11.91320434050407
51.13860131598756 11.90430533634592
51.35223778056363 11.889820411843768
51.52447824091578 11.87754004458998
51.704753948315556 11.861878332178993
51.79476804900099 11.854034252432987
51.95790881339525 11.845058183089096
52.153112461573585 11.837197084170187
52.40402709193256 11.834973775195762
52.55773056063549 11.82936425195384
52.71115740691218 11.823753198422034
53.017183543153834 11.812526397121678
53.19332411011905 11.811461390055062
53.42417524003457 11.816127654005463
53.614165354713464 11.82308688042629
53.723683729051885 11.834568183713113
53.83282952834131 11.846070859029313
53.933174367480404 11.861003114893633
54.07867166236423 11.885142241997592
54.13831188525353 11.902333790446756
54.304756059801036 11.931138441293847
54.450980362942886 11.940576817136161
54.605272589754804 11.946643992155233
54.78119315300961 11.957368280950858
54.9391283842798 11.974949572709805
55.043954188312455 11.986697013379858
55.10926434713792 12.026911477466864
54.878893962118156 12.024994670785906
54.66088509056732 12.031125625969496
54.42488125786619 12.044019986432819
54.26720380959114 12.052604331827963
54.153418468080616 12.070361190577945
54.079009734370516 12.085946696126223
53.98700742630396 12.108213142793614
53.74973208762577 12.146793811086324
53.547124763542854 12.171886488530216
53.38826010819952 12.180288032116467
53.23793956966992 12.185362149417879
52.96290992936065 12.185575147406755
52.75809107404578 12.184937127923375
52.521248419490064 12.183125213794424
52.251989703373084 12.180159682233485
51.941110022982684 12.17936008357446
51.72429766088251 12.182151758679568
51.32952366620407 12.185674201420166
51.10216809459632 12.19179600228295
50.915132393153556 12.195811893680427
50.783482408656795 12.205418926309076
50.61666106387011 12.228064561285333
50.52298934607728 12.249711444337809
50.390893945160514 12.259247041118233
50.24104895395516 12.27526095387636
49.99250047286492 12.282712928665973
49.98914501296835 12.199196620467724
@