74.69450157437498 17.12900020338736
75.00104671458217 17.0786315092766
75.28885520169115 17.009719162307196
75.60650621395615 16.958869756982317
75.88407878347985 16.867991905573973
76.12033753865546 16.801419127528185
76.4552315422246 16.748494104947618
76.72249770300726 16.70175806410045
77.08634299749562 16.671849914769552
77.35871957759775 16.7248492694322
77.76277123027714 16.64719854152601
78.17549652460818 16.568244667635355
78.58248761441726 16.46078436835082
79.0396346539365 16.434431742429105
79.49886361694897 16.412252071946547
80.14432613483547 16.608379659750966
80.43390417253909 16.480562337421905
80.71743428419313 16.275731510099426
80.65861861873245 16.03008182389261
80.5741761330022 15.813931034292295
80.47774517369905 15.630916100163667
80.32855899120932 15.409158585745903
80.06275692596262 15.319863933105857
79.74815581875907 15.199309040134942
79.22600207989487 15.19360836587193
78.78686045556069 15.180454367400255
78.02061949943732 15.107516982160385
77.45546963636139 15.04809593727476
77.13936176271883 14.947281897086157
76.76672601043387 14.775066489663562
76.28152091363495 14.578716848330115
76.17477083632613 14.38064528783529
76.29899396920496 14.212939454096873
76.7670750373874 14.051905747578173
77.06203066154515 13.824292771362293
77.34338513252294 13.641209302294552
77.52576337572879 13.477232759448125
77.76482919136552 13.103285383966266
78.09571294264461 12.861908616957514
78.51960195397521 12.639127357006979
78.8453212141689 12.438823195249638
79.12937692333679 12.161467670547255
79.18526962888095 11.88030316567863
79.20781666329509 11.592822451137533
79.20610763727868 11.187417755922779
79.69669608648238 10.869344382625057
79.94732397995267 10.556075340334436
80.30711160283363 10.250250493688082
80.63253097488274 9.9273189513995
81.06746921187678 9.6032031549148
81.27488970268794 9.304737505724631
81.63011897316113 8.94178872503154
81.78487599822301 8.552134111133077
81.88438627106362 8.152462863829802
81.92627407280688 7.747019682704913
81.9008994086916 7.273064194101867
81.6888786271756 6.952717992942225
81.55975929102968 6.562734564294807
81.41108340789631 6.246585966391709
81.09010368496698 5.9643127346848885
80.69602113412523 5.6400486983829055
80.26606656242802 5.335893417354431
79.8618512471077 5.101739985475085
79.31562968822337 4.784067948789136
78.92662288235496 4.505568115025046
78.58217516425597 4.285173878292188
78.22153473347879 4.074985857614198
77.77015248931141 3.8355627916547377
77.49162545930889 3.617790114220867
77.19690539331171 3.4091526654152773
76.99095421228859 3.1812632862928254
76.66714538153738 2.990498296809008
76.24659129144493 2.777927460127245
75.90863924991919 2.5496903692911275
75.64572511904572 2.412713677727581
75.46661508843593 2.254583326807925
75.28004138972625 2.1017631671734804
75.06836821567296 1.857328817838269
74.73392894750015 1.5586154860869819
74.201384100518 1.4345144560015548
73.35096905956277 1.3191155305535531
72.6021053588062 1.264944513456264
72.18124928323329 1.2078236977122252
71.50997112014323 1.0945124870447387
70.8497401103844 1.0204254592413236
70.11296393104806 0.9281130290693405
69.22059732669595 0.8351160488665066
68.73465598767984 0.7965053155730253
68.07261251602887 0.7890694405734209
67.02767826466842 0.6896403031284137
66.85791659370688 0.5398359834695299
66.67421114187948 0.4253751220245121
66.59609690008895 0.2690336483574356
66.43388805471122 0.13071276071290328
66.2905343343534 23.96724038949713
66.07242792330129 23.82118875280316
65.92555509814991 23.693691645692034
65.69195636902523 23.607348449154685
65.48077388656822 23.495763277136433
65.33554942182903 23.40043220214817
65.17781080132224 23.331684889828672
64.9105716106381 23.234832676855525
64.5770956126263 23.148895329264928
64.30532360659384 23.077271413764365
63.93378030942523 22.976926388345568
63.57211841083577 22.87643806336295
63.19446880352206 22.798831695759194
62.82264421043493 22.720370885576955
62.43659875599124 22.603881498365485
62.0136030253656 22.47239925501121
61.73757136765383 22.38448736847871
61.49722390205099 22.275036945909246
61.33843726372879 22.15990420529544
61.022726336743915 22.022908067682863
60.83376190154681 21.895925786046245
60.6584579689617 21.804261708161874
60.528056867348596 21.72759471736442
60.62968694203178 21.63836239862011
60.655009223258816 21.523557493257655
60.6874452425175 21.411867514024777
60.72797983274643 21.303274650516002
60.8479681058422 21.22412235624398
60.932147871744235 21.16288141654823
61.13386115317368 21.084813880127676
61.26614429448313 21.011612846089996
61.39150417711667 20.96728493233806
61.70389696357023 20.905299910610722
62.09747195041865 20.880780507194547
63.28488149137024 20.7150149602013
63.343863923102134 20.645928867272932
63.61966364426851 20.585065005846424
63.657963578805436 20.499105068568447
63.57255035976826 20.447936693951856
63.39792964467884 20.37702249704505
63.129451643823074 20.326968271308758
62.846460301738745 20.265508093455637
62.63343234563371 20.20303808426206
62.494902075954855 20.140264650556944
62.37322027423838 20.087715070389976
62.10380227174366 20.023057277782748
61.784906562261824 19.988147341157273
61.451780094102475 19.941669172697967
61.112918025178374 19.89412667012141
60.78056081422943 19.86737641627102
60.35097677894066 19.827552542594077
60.00077542089031 19.799390177349878
59.465636222256876 19.767388558603983
58.8184834287201 19.732670182976236
58.239917899311564 19.698623335870067
57.733503062361194 19.65372413743014
57.02497760058796 19.639766400631903
56.39532369552626 19.62753900103661
55.74448994585185 19.615069727439423
54.96810043460971 19.612815318799246
54.4127723561119 19.627646405392
53.59252419362514 19.625768311956225
50.539260338202496 19.600381449071527
51.0189192614468 19.56874068726978
51.60045863366619 19.51352413380418
51.94145951275394 19.467950508340635
52.44029394371432 19.451609222120574
52.79031930267945 19.407314150485238
53.399382226287145 19.368951686352567
54.250215111077864 19.33696736408127
55.316773963412146 19.311808435815262
56.00484573460636 19.304025019195855
56.45598109230835 19.2911147128963
57.01320450288779 19.269589287752304
57.553232773466505 19.260550267816257
58.01731149502578 19.202617896987924
58.364185969737036 19.165820414058647
58.47337170715636 19.07371039385018
58.65480033415912 19.01967714159841
58.766254697319056 18.950628182789053
58.870302047762976 18.892984423835316
58.833714719093365 18.803764348221343
58.7612407403366 18.7368144134459
58.69749742390843 18.669002149374418
58.36240802936612 18.57419816622729
58.2101623198636 18.49898724295373
58.4213826100482 18.42524903440792
58.71293730013679 18.36873471396759
59.15513672105064 18.30541822472282
59.78024757841189 18.296597689858828
60.26757698634731 18.324946142806894
60.70037935459442 18.365086311133147
61.15809591866471 18.393250250390537
62.227168821408696 18.42180120856412
62.42157650529211 18.366071920901028
62.66501292354354 18.298964690878176
62.79451830048714 18.236396860377152
62.88769059196716 18.1845498879195
63.03198917008777 18.120751737719708
63.10257286472563 18.04914675649373
63.08268226111312 17.99978580375311
62.96477206629481 17.891383582593356
63.2466956856874 17.79891167657782
63.57142642235675 17.725726460501757
64.043505217747 17.64853791399013
64.43156035069711 17.61730226256597
64.87618763440918 17.57475858598836
65.24508977905305 17.52368350725657
65.82493495635731 17.480739473062652
66.39110906444444 17.41771068508631
66.8295552607162 17.35725744797429
67.20976356894039 17.309211278137326
67.72012813704018 17.238323880360944
68.36339096027251 17.192462190636117
69.71346652283898 17.074811916602336
70.21325361439017 17.060472046113336
70.74054213715948 17.087206229255614
71.13491902101535 17.112901849778954
71.58360570362663 17.19271045218328
72.59617952111668 17.134116556540903
72.97000136247397 17.146206898459788
73.46654286360433 17.144963669655823
73.95397486567316 17.14807921927031
74.36635156150854 17.162603590757655
@51.57739967115964 9.736049641840234
51.659450673308754 9.730047575561173
51.76790232187929 9.73196727301773
51.89422747352066 9.734214421816038
51.98189422218047 9.737650054829887
52.06943919581283 9.74109237421824
52.15441570848276 9.746369272272208
52.25719043664503 9.7519818364842
52.33693806502052 9.760938565285358
52.45226221473891 9.770569743318129
52.549450439770254 9.779889318088722
52.61077616313804 9.788556208784732
52.70504348745365 9.799740072412202
52.80411398730152 9.807272679490922
52.940965896369846 9.81366499869758
53.10027636914404 9.816740702147243
53.22393345434611 9.819143014068114
53.36498658284805 9.821899399846195
53.50318272378931 9.826513311905076
53.641074991088146 9.831143210456387
53.763744353687684 9.833589087875767
53.86093284000427 9.841246389324795
53.97274876414389 9.851125614735222
54.029398510780595 9.861810487602504
54.09273667923648 9.880277528055364
54.16106046017114 9.895056405859682
54.19712139889626 9.907268042147333
54.23304607450302 9.919486119131818
54.23691265273561 9.929119216793609
54.22070936403256 9.940233285521579
54.18713732889498 9.95097014323952
54.16535867752037 9.965771642314351
54.14621094374459 9.97871527381956
54.12973080055065 9.989804080182104
54.10489343651949 10.006427310433484
54.03296848124751 10.006754802707164
53.96650066316084 10.003395083143461
53.87985821242165 10.00150655045764
53.77573813677199 9.999246990386013
53.71811839746172 10.001800896179958
53.66682521135485 10.012085816799418
53.66761068313966 10.023495608047238
53.73494543585784 10.038265824301426
53.7673815030366 10.052283407921161
53.73602725689818 10.061087977212729
53.64373862694583 10.062837064900407
53.539591210193066 10.060533561118937
53.43528116817299 10.058237447536735
53.29594831073584 10.055187403002458
53.1038942934488 10.051014811633518
52.96110148405231 10.049821484374963
52.820802426310394 10.04681306342206
52.674689599279816 10.047461031190466
52.54316961608353 10.050306116192012
52.408688230587984 10.054966855561489
52.294446000901786 10.058178950604244
52.16236194463522 10.0610162411807
52.08600722021862 10.063154601674572
52.02455287875378 10.067474313868882
51.915354869014635 10.0670568314219
51.82102052928394 10.068821543953877
51.690989662081364 10.069846691776444
51.58409592919159 10.067633677987859
51.47704139174684 10.065427641825611
51.351941360836236 10.062862714394521
51.26518644073036 10.059235725767063
51.201697208207435 10.052379037400105
51.14624591862719 10.040130277177928
51.09148337390684 10.014932042977648
51.10756714394549 10.004126960619143
51.1442493185516 9.991869544163327
51.198848270354404 9.979955869860614
51.248078787352 9.971640034333442
51.33586309400809 9.962213737639777
51.367018247372584 9.95353062884581
51.418731122387015 9.94338338181665
51.467769089809565 9.935036323423018
51.50401312567186 9.922713709008946
51.54017969060692 9.910382023848328
51.57368521652313 9.89985395549177
51.61485047136796 9.883877623238332
51.66618701602431 9.87367351755502
51.68152022456715 9.862780686534748
51.6993292093419 9.850067098003075
51.696535427478864 9.838829134652084
51.6731437197854 9.829073202150736
51.63165116559074 9.818987468238294
51.59254012701419 9.8070912649052
51.55329367408882 9.79520172426999
51.49583006745905 9.782992464734416
51.422528046690644 9.768654316093489
51.41905892563199 9.757435036026552
51.45419090366025 9.745038966161216
51.57739967115964 9.736049641840234
@49.98882645377415 11.999196428053313
49.984908629703995 11.899067600320668
49.98137666282602 11.806727998840126
50.10351515926533 11.795353227314854
50.25331966963796 11.77883925774475
50.36147194582506 11.764498642308121
50.49409921395562 11.754554603067442
50.62655024046515 11.744596578476393
50.80008495024961 11.732406401699906
50.973314050170956 11.720195012738518
51.13787674512787 11.711300802278595
51.35152809069464 11.69682329333271
51.52378004160468 11.684549195600168
51.704058223324665 11.668895220296793
51.79407444285562 11.661055042019203
51.95724157881574 11.652083961553034
52.152489606392436 11.644227690366973
52.40349307681649 11.64200741261286
52.55723518214464 11.636401480574525
52.71070118888761 11.63079402634086
53.01680716830998 11.619574445159854
53.193013747404535 11.618511413021986
53.423972542395944 11.623177850417456
53.61406155297888 11.630136034122005
53.72366224503705 11.641613845913135
53.83288995357566 11.653113109510349
53.933324803954605 11.66804066441014
54.07896082691664 11.692172302982032
54.13868327681752 11.709358260343958
54.30528977993424 11.738154605656176
54.45160018413486 11.74759138854761
54.60596911338982 11.753658271359738
54.781989780421924 11.764381047767973
54.94004166308338 11.781958540521398
55.04494472615832 11.79370355405167
55.11041764978839 11.833906651886148
54.87996278194234 11.831987497824882
54.661902883401865 11.838113910284628
54.42586840761982 11.851001537258163
54.268171661493426 11.859581425916462
54.154418002122526 11.8773317563882
54.080046752291736 11.892911940503108
53.988104595070666 11.915171123460235
53.75091592185632 11.953738682144301
53.54835594306027 11.978822536981045
53.3894823363911 11.987220038979899
53.23914164805046 11.99229105861895
52.96403586539344 11.99250063392971
52.759156998113184 11.99186031182505
52.52224018612753 11.990046057813812
52.25289299279217 11.987078173165962
51.9419238656165 11.986275307979444
51.72506594321405 11.98906392126731
51.33020311559952 11.99258130290611
51.1028185496219 11.998699232005377
50.91575476748426 12.002712237713315
50.78412152676745 12.012315590651946
50.61737987801126 12.034954162704551
50.52380372036342 12.056595180275139
50.39173006101379 12.066127388035863
50.241940636827565 12.082136424388048
49.99236939567527 12.089614835155334
49.98882645377415 11.999196428053313
@