74.69437107326308 17.587477234097875
75.0007944640565 17.537102882272094
75.28845202975452 17.46818931792247
75.60599011715371 17.417332640250773
75.88338492016456 17.32645870049784
76.11951761892257 17.259886793687418
76.45431041128188 17.206952066797292
76.72149178115282 17.160208640733828
77.08528035819063 17.13028015815268
77.35773537132792 17.18324321545502
77.76165745891026 17.105577406836503
78.1742588066439 17.026605878533093
78.58109312521171 16.91913442728192
79.03820433800124 16.892738176655236
79.49740566887945 16.87050846979409
80.1431365479286 17.066490450218925
80.43254421400488 16.93866457827386
80.71581694756733 16.73385055574282
80.65670611943034 16.48829458738737
80.5720200787814 16.2722376414983
80.47539538192953 16.089309555825544
80.32599060126608 15.867665141166974
80.06009814306259 15.778445845334732
79.7453821879106 15.657983702947305
79.22320410386146 15.652349696705148
78.7840355136405 15.639250559062118
78.01770887205907 15.566420421315142
77.45249402228959 15.507074348579263
77.13630336537042 15.406327391491537
76.76354605204179 15.234210209993021
76.27822329409832 15.037973042511819
76.17138836558027 14.839984663074967
76.29555944169002 14.672333094128367
76.76360441167665 14.511326544818468
77.05851742286319 14.28377426852897
77.33984698078615 14.100734509584782
77.52220947528411 13.936800231656452
77.7612629678558 13.562954289239931
78.09214269327376 13.321628023617768
78.5160239088396 13.098885351673653
78.84173881040516 12.898618550770387
79.12579937144895 12.621322014030758
79.18171575229655 12.34022333105216
79.20429189588248 12.052805576318688
79.2026264629558 11.647481380319341
79.69320429552093 11.329471799840976
79.94384175911208 11.016269532495425
80.30363326371128 10.710520669841694
80.62906849363623 10.38767766608742
81.0640315243607 10.063672657752354
81.27149674029542 9.765303708491306
81.62680173360769 9.40249812705715
81.78166839197053 9.012979363056917
81.88131982352937 8.613444342556578
81.92338091484365 8.208131104520788
81.89824703395726 7.734310291049317
81.68639004485232 7.41400839218113
81.55751756877112 7.02409982556177
81.4090608085832 6.70799545814285
81.08826134215431 6.425717315223654
80.69440216421825 6.1014386992393135
80.26466743638369 5.7972550312122095
79.86062209103616 5.563065853466032
79.31465491771513 5.245343279247223
78.92591176407959 4.966806346494781
78.58167920907474 4.746373713268831
78.22124841131867 4.536141833376512
77.7701088704411 4.296660519202501
77.49183325525485 4.078843108703811
77.19735251934955 3.870155466177131
76.99168040348303 3.642215831632136
76.66808022632159 3.4513924619183385
76.24774634146638 3.23874937594751
75.9100372602008 3.010440399767866
75.6472552706104 2.8734154970326173
75.4683065846084 2.715237031045234
75.28187927382251 2.56236901912008
75.07043373334437 2.31786313546354
74.73623415282012 2.0190598043774415
74.20372816998687 1.8949037215358686
73.35329137305732 1.7794416352719793
72.60436011185945 1.7252292259198114
72.1834823793703 1.6680816899602497
71.51217730162344 1.5547274951442098
70.85188267220312 1.4806082193139787
70.1150307906077 1.3882627209883225
69.22254411916296 1.2952337942352408
68.73652260170013 1.256609065175887
68.07433358949282 1.2491584998414211
67.02920672811626 1.1497069725215283
66.85950290239083 0.9999018443247891
66.67583724622057 0.8854435014433086
66.59784122146053 0.7291116223809837
66.43573454585069 0.5908028815321238
66.29254604067174 0.4273493564505344
66.07459995360918 0.2813191055905655
65.9279079936054 0.153842642953407
65.69442216761831 0.06751746158997207
65.48343020616525 23.955955250356027
65.33839796499211 23.86064361815923
65.18080371993636 23.791912374836073
64.9137854493454 23.69508509003942
64.58052215604556 23.60917456875489
64.30895095107593 23.537573427723096
63.93772587360854 23.437260432898228
63.57642641007678 23.336803682101912
63.19909219409331 23.259226995231806
62.82762065810917 23.180795454623347
62.44213898996048 23.06433761687235
62.01984519499288 22.93288580102515
61.744318987766945 22.84499053250874
61.50460464492585 22.735549110067282
61.34647465647916 22.620412953736725
61.03162093355468 22.483412910815932
60.84341762266678 22.356410398461406
60.66868660193492 22.264728841527585
60.538754608851065 22.188042367655143
60.640754629352614 22.098765738903687
60.6665890883709 21.98390535957192
60.699480006900984 21.87215496321194
60.740410046341765 21.763497639892687
60.86058627141054 21.684290155366767
60.94489994551407 21.623005753829414
61.146681516544504 21.544876258989607
61.279050521961125 21.471619235242112
61.40441236799373 21.42725470147119
61.716676660934155 21.365211637701854
62.109970817362154 21.34065659946567
63.29666131912924 21.174725673951095
63.35566393187551 21.10559056945032
63.631288790241086 21.044674910602843
63.669598045594455 20.95865551562774
63.584264450699635 20.907455301377674
63.40978539654711 20.836498161054838
63.141516505320254 20.78641733663427
62.858734496613664 20.724922074040173
62.645844643722114 20.662413577079207
62.50737529842783 20.59959923782121
62.38573761617508 20.547015432438286
62.11645984907747 20.482317608042504
61.79778035396265 20.447388669613076
61.46485727052354 20.40088298133154
61.12619252064758 20.35331164343873
60.7940652867492 20.326546491725523
60.36476222623844 20.286698914897183
60.01479671607305 20.258519673435032
59.480044628131196 20.226499183327995
58.8333696171112 20.191759507476853
58.255218052746955 20.1576902743544
57.749102084255526 20.112759641333867
57.04118186794065 20.09879224839137
56.41207360141473 20.086555576295233
55.761811007630854 20.07407606062872
54.98617576774504 20.07181825013629
54.431485140676045 20.08665967686855
53.61207270229835 20.084777606790702
50.56193925789353 20.05935385097317
51.04084288077192 20.027688453701696
51.62136664738364 19.97242997585967
51.9616885369783 19.926823067179036
52.45990722338408 19.910473668558055
52.809278171723435 19.86614931369597
53.41749840527254 19.827765981427923
54.26734152447278 19.79576880182851
55.3328071672222 19.77060416708021
56.02024912953874 19.76282216947682
56.47093495649932 19.74990816345967
57.027584585865384 19.728375188878513
57.56713549051676 19.71933548053838
58.030547385725924 19.661376616713884
58.376969522178854 19.624563917825242
58.48558310401191 19.53241314066694
58.666593735902126 19.478359239823398
58.77759518500352 19.409285129950746
58.88125690055486 19.35162245163926
58.84418780375873 19.262374522164663
58.77137000158899 19.195405874470467
58.707265830600676 19.127577073727366
58.371783029757864 19.032751172852883
58.219153549323835 18.957527342658793
58.42983142898058 18.883783075934012
58.72092492247913 18.827267030267734
59.16257758833257 18.763951103068194
59.787395814514866 18.755135683392957
60.274689596547745 18.78348967758481
60.707531986179816 18.823636102869852
61.16520715657333 18.85180596513763
62.233980218361495 18.88036699863391
62.42804673407565 18.82463341740252
62.671077324789564 18.757522554385623
62.80024757204285 18.694952304626952
62.89315073504852 18.643104332856772
63.03711303147952 18.579306352066453
63.107354019458455 18.507702906605548
63.08724946361474 18.458343860809954
62.968890823997924 18.349948692147336
63.25034140649328 18.257486443305382
63.574688391406994 18.184310385684064
64.04635235829127 18.107132449240904
64.4342071803685 18.075900841388766
64.87858689508141 18.03336269506422
65.24723286952258 17.982294836183478
65.8268256625862 17.939355354381455
66.39269313855547 17.876334457107596
66.83087536956458 17.815889492683425
67.2108785045287 17.767849540010715
67.72096114146922 17.696971712296772
68.36401544293588 17.6511115655452
69.71363435450886 17.53346536077649
70.21334057199161 17.519118215038933
70.74064938549489 17.54583358442764
71.13505365907056 17.571513279056273
71.58389066140123 17.651292559850667
72.59623278135766 17.592679551913033
72.97004875765259 17.60475422933462
73.46654465448259 17.60349235812231
73.95394235190886 17.606587003401373
74.36631513209977 17.6210899416953
@51.57769840497241 10.195718671553573
51.65971491334386 10.189715829743767
51.768143148470784 10.191637510469207
51.894441148570195 10.193886975226587
51.98209323909697 10.197324781938782
52.06962359900447 10.200769273940853
52.15459011205573 10.206048860147519
52.2573510111273 10.211664440197325
52.33709760718742 10.220624883238782
52.4524129478753 10.23026042922656
52.549596018063 10.239584036897986
52.61092401747629 10.24825430081367
52.705190161291426 10.259442703406368
52.80425074332649 10.266978811140856
52.94108093166034 10.273374759986748
53.10035768999484 10.276453387178043
53.22398874768041 10.278857973988877
53.36501233806936 10.281616960402754
53.503183252202064 10.286233979747673
53.64105044932083 10.290866982144971
53.76369448019531 10.293315132623693
53.86087338309548 10.300975886715845
53.97268002505277 10.310859382265692
54.02933501355864 10.321548051400384
54.09268995254325 10.340021215016947
54.16102227498433 10.354805207243931
54.19709483491431 10.367020817594499
54.233030827492684 10.379242868776169
54.236912064637835 10.388878809539907
54.22073052022711 10.399995922200608
54.187183692141446 10.410735524054715
54.16543342430174 10.425541110484103
54.14631020419179 10.438488331270857
54.12985083265525 10.449580223407327
54.10504420901819 10.466208097787401
54.0331377717811 10.466534904817811
53.96668173379675 10.463173463291142
53.8800583306122 10.461283425661938
53.775961225458445 10.45902205927958
53.71835990951112 10.461576108475422
53.667094997352365 10.471863576619803
53.667896901689204 10.483276821478327
53.73523553779452 10.498052203975629
53.767682868463424 10.512074357336918
53.736348732611475 10.520881272032502
53.644086218568106 10.52262995983583
53.53996253164976 10.520324707673561
53.435676345285685 10.518026845350713
53.29637549197423 10.514974468724809
53.10436584919438 10.510798670201098
52.96160891042061 10.509603551221112
52.82134264521312 10.506592799904544
52.67526956448026 10.507239528745345
52.54378879538157 10.51008422302399
52.40935020202585 10.514745136080641
52.29514339395632 10.517957157848956
52.16309920315089 10.520794100169045
52.08676831430125 10.522932426951073
52.02533688676692 10.527252954596415
51.91616819522977 10.52683432017186
51.82186229545525 10.528598731160178
51.691868775862815 10.529623016633828
51.58500150716148 10.527408301176898
51.47797356845183 10.52520056421109
51.3529047400109 10.522633653704366
51.26616882224684 10.519004679013351
51.20268729775944 10.51214514409078
51.14723321169802 10.499891819267857
51.09244701326054 10.474684733756666
51.10850905093412 10.463876235559656
51.1451610952802 10.45161513526891
51.19972518800273 10.439698085201046
51.24892813684701 10.431380018382933
51.33667224712249 10.421951534317124
51.36780396354777 10.41326592205855
51.419485071389886 10.40311592238509
51.468495006322115 10.394766682242329
51.50470728788312 10.382440486218215
51.54084179594699 10.370105235579258
51.574319003723474 10.3595741681047
51.61544347206748 10.343593206545531
51.66674700501005 10.333386444633433
51.68205529939726 10.322490348510225
51.69983489987203 10.309772963993641
51.6970197484913 10.298531442533246
51.67361477061638 10.288772180838967
51.63211278901059 10.27868280210042
51.59298767321897 10.266782417763665
51.55372679730928 10.254888699066294
51.49625246368964 10.242674942117418
51.42293880907732 10.22833143959561
51.41944608747565 10.217108640515407
51.454541515261894 10.204709186863857
51.57769840497241 10.195718671553573
@49.990361831284474 12.499250117177022
49.98650431261953 12.3991118061559
49.98253226448395 12.298998824504052
49.98171684726094 12.266980782124202
50.10381950875836 12.255607859627114
50.253638405611895 12.239090723023057
50.36180554741259 12.224747394720202
50.49443382604389 12.214801244261354
50.62688534704992 12.204841088301857
50.80041809533097 12.192648236456048
50.9736444353008 12.180434143763987
51.13819837677411 12.171537806720673
51.351843115210585 12.157057008027438
51.5240899640842 12.144780128957303
51.70436704299752 12.129122721213564
51.794382319997965 12.121280812117067
51.957537753031175 12.112307518503053
52.15276608866213 12.104449105720567
52.40373014330808 12.102227483519865
52.55745510535698 12.096619958433438
52.710903736460466 12.091010907562625
53.01697428938462 12.079788123564594
53.19315158117499 12.078724215512672
53.424062610636895 12.083390576348082
53.61410774682733 12.090349222999695
53.723671920740514 12.10182858404968
53.83286329233121 12.113329361518172
53.93325821208131 12.128259002283079
54.07883269294899 12.152393963588755
54.138518666283375 12.169582401695235
54.30505315767559 12.19838243232154
54.45132536436972 12.207819922267685
54.605660265037386 12.213886935039943
54.7816365223089 12.224610382832727
54.93963665530637 12.242189561483734
55.04450544418711 12.253935652132087
55.10990616481783 12.294143793220988
54.87948877883693 12.292225680160513
54.66145152105642 12.298354107715424
54.42543064429208 12.311244721784341
54.26774246252711 12.319826587533733
54.153974751882686 12.337579814342316
54.07958687612327 12.353162359418658
53.987618038312064 12.375424765110067
53.75039092591206 12.413998140112904
53.54780994935612 12.439085909208334
53.38894031714236 12.447485204161165
53.23860857072975 12.45255759794098
52.96353657128532 12.452768691318251
52.75868433014864 12.452129390460263
52.521800420015666 12.450316174163039
52.25249248158664 12.447349333025475
51.941563040384466 12.446547916584766
51.724725333627646 12.449337888001207
51.32990192160361 12.452857514533141
51.10253022278516 12.4589771611578
50.91547890157639 12.462991446937874
50.783838236169316 12.472596432390322
50.617061237449946 12.495238138152596
50.52344269067626 12.516881758275948
50.391359389425446 12.526415469618339
50.24154531841401 12.542426669556521
49.99265845545739 12.549886429738315
49.990361831284474 12.499250117177022
@