74.69433755070483 17.50184175871798
75.0007300099777 17.45146597306529
75.28834923331337 17.38255210421734
75.60585863110714 17.331693582600593
75.8832082725618 17.24082064284435
76.11930894674265 17.174248961952024
76.4540760254032 17.121311773534757
76.72123585342592 17.07456647467498
77.08501001908604 17.044632829035784
77.3574849536142 17.097586662067975
77.76137412339301 17.019917028284624
78.17394398049694 16.940941021312437
78.58073847053609 16.83346674546556
79.03784057582936 16.807059415893246
79.4970348800046 16.784817001398046
80.14283391467953 16.980761979292936
80.43219829692609 16.85293394766434
80.7154056477273 16.648124212849158
80.65621985065587 16.402592069426326
80.57147195242902 16.186558975295785
80.47479805273201 16.003652960129262
80.32533775785558 15.782037283538662
80.05942234748363 15.692837130218527
79.74467723013535 15.572398548889469
79.22249296984651 15.566781473015403
78.78331753615623 15.553696268067586
78.01696914100552 15.480893370191604
77.45173779159333 15.421566340209486
77.13552611345182 15.32083642395221
76.76273793181875 15.148744194737086
76.27738529726807 14.95253559816712
76.17052882342693 14.754568349431107
76.29468668169343 14.586930565958278
76.76272248506635 14.425930917029394
77.05762467763324 14.198394060847445
77.33894791117598 14.015365405902905
77.52130640885699 13.851441864344665
77.76035677925557 13.477621687400458
78.09123548533358 13.236308250059155
78.51511472236251 13.013575380289616
78.84082851814364 12.813318069476304
79.12489031382026 12.536036515722094
79.18081271135509 12.254954551159082
79.2033962513604 11.967552787929849
79.20174189376985 11.562249038543378
79.69231702664703 11.244255660209472
79.94295691889312 10.931070352503005
80.30274940546295 10.625340787603495
80.62818865852125 10.302520269840103
81.06315798000665 9.97854339702919
81.27063455056313 9.680199006468744
81.62595876832114 9.317429792238766
81.78085326499232 8.927945532114379
81.88054054221953 8.528445113956494
81.92264564136278 8.123164885975948
81.89757291332216 7.649378290791271
81.68575752896325 7.3290876565746865
81.55694775799816 6.939198120540553
81.40854666136781 6.62310500239321
81.08779299164433 6.340825625331643
80.69399056748802 6.016543320781256
80.26431170041275 5.712352454944849
79.86030954633088 5.478154205792666
79.31440701656439 5.160418804757121
78.92573086083834 4.881872457415771
78.58155298437657 4.661430076785781
78.22117546177901 4.451187060309017
77.77009760261498 4.211690953403895
77.49188588136275 3.9938621834531887
77.19746597013682 3.7851617926643897
76.99186477653637 3.557209394424639
76.6683176309538 3.366371193659962
76.24803971555232 3.1537097515138406
75.9103923858178 2.9253825113697793
75.64764398302322 2.7883453585183844
75.46873630443142 2.630154667161893
75.28234620001771 2.4772744960771576
75.07095851427385 2.2327504353971506
74.73681985283258 1.9339242337475469
74.20432375283337 1.809754159093444
73.35388143554238 1.694276019721329
72.60493301207484 1.6400530897582541
72.18404977959023 1.5828987627155513
71.51273786742061 1.4695336434852742
70.85242707553843 1.3954061717040886
70.11555596119697 1.3030522691271393
69.22303878373506 1.2100152231896786
68.73699689429745 1.1713869371100643
68.07477090189897 1.1639326381382844
67.0295951005989 1.0644754205532152
66.85990597303461 0.9146700869709967
66.67625042846922 0.8002123841496385
66.5982844412182 0.6438829434724482
66.43620372525154 0.5055772895555748
66.2930571983886 0.34212855403186637
66.07515184619095 0.1961037381692634
65.9285058401818 0.06863252227366701
65.69504869946786 23.982311919318494
65.48410514436182 23.870755543606833
65.33912174232603 23.775448853011856
65.18156417883782 23.706721693788523
64.91460203694396 23.609900744799496
64.58139278370535 23.523997041725877
64.30987259451192 23.452401689242116
63.938728364320184 23.35209683586126
63.57752098146736 23.25164811088314
63.20026689213236 23.17407896851468
62.82888505196712 23.095654868232646
62.44354662002348 22.979205051536947
62.0214311601963 22.847760972561765
61.746033369140974 22.759869930300816
61.5064798829396 22.650430798766457
61.34851673281722 22.535293777819724
61.03388080046997 22.398292746575727
60.845870874235544 22.271285095634873
60.671285416546624 22.179599098288946
60.541472613583124 22.10290767393277
60.64356664065281 22.01361978334578
60.66953124268082 21.898745304256092
60.70253775034243 21.78697955073671
60.74356827277688 21.67830584179799
60.86379226031417 21.59908432729464
60.94813996241879 21.537788877045415
61.149938892137584 21.459643630992037
61.282329717461295 21.38637237322276
61.4076920650445 21.341998529594367
61.71992371655281 21.27994070978484
62.11314652799186 21.255376612133663
63.29965434452791 21.089403642728374
63.358662077546796 21.020256077932654
63.634242502291414 20.959327250791087
63.67255411316114 20.87329273983372
63.587240739326376 20.822084430855174
63.412797662780434 20.75111637278478
63.14458188794572 20.701028785806493
62.86185304855272 20.639524603244375
62.648998266407204 20.577006321326706
62.51054438242281 20.514181582657187
62.38891789370618 20.461589076279047
62.11967573360806 20.39688107456753
61.80105115609146 20.361947304957624
61.46817972550056 20.31543462008959
61.129565085381415 20.26785595123898
60.797496264469856 20.241087011649466
60.36826456540052 20.20123340837923
60.01835895617154 20.173049876120032
59.48370519119149 20.141024587636686
58.83715153166034 20.10627949573651
58.2591051041222 20.072204570735245
57.75306502579568 20.02726594595491
57.04529853904617 20.013296096716427
56.41632885860491 20.001057066031557
55.76621132823209 19.9885749452598
54.9907676652754 19.986316268071576
54.43623895443068 20.00116032182505
53.61703877046517 19.999277238871553
50.56770028369942 19.97384409760226
51.04641206543977 19.942172439234938
51.626677854655014 19.886903306225996
51.96682725895053 19.84128793864822
52.46488955542853 19.82493647948789
52.814094259480385 19.780604682928974
53.422100438970205 19.7422160487865
54.271692155691426 19.71021560421063
55.33688012479965 19.68504952262856
56.024162118975426 19.677267887855592
56.47473375925199 19.66435294308619
57.03123763502694 19.64281805181463
57.57066728359183 19.63377817029922
58.033909762093884 19.575812575811664
58.38021697773473 19.538996011728194
58.48868516584659 19.446834879365372
58.669589589254855 19.392775733247657
58.78047595083396 19.3236952345192
58.88403967666727 19.26602775090756
58.84684815195959 19.176772747055082
58.773942975443504 19.10979934723422
58.709747104921064 19.04196634781212
58.374164318570706 18.94713488223001
58.221437315581596 18.87190777681115
58.43197738658611 18.798161976154624
58.72295371168536 18.7416454966595
59.1644674773178 18.678329717641734
59.789211378784074 18.669515599539064
60.27649613003692 18.697871000730267
60.70934870766396 18.73801901408052
61.16701338050893 18.766190380517443
62.235710300321415 18.794753974701514
62.429690134110956 18.739019306337116
62.672617615764636 18.671907524946523
62.80170271429205 18.609336664794085
62.89453749822002 18.557488442724583
63.0384143552391 18.49369050954607
63.10856827009886 18.42208745934262
63.08840935328763 18.37272890148181
62.96993677306958 18.26433553223008
63.25126717863088 18.171875744030704
63.57551667264863 18.098702018942735
64.04707525633253 18.021526784201374
64.43487919397379 17.99029620629401
64.87919601850933 17.94775946843935
65.24777691629316 17.89669344775907
65.8273055970605 17.853755126020012
66.39309517819467 17.790736238221434
66.83121035254186 17.730293379943422
67.21116136645398 17.68225501024866
67.72117238306717 17.611379618844534
68.36417371430312 17.56551986745008
69.71367662222963 17.447874704676366
70.21336229567314 17.433525711810216
70.74067626507662 17.460236300156865
71.13508749759549 17.485911947375506
71.58396268906554 17.565683774066898
72.59624594719162 17.507065914857936
72.97006043330231 17.519136612059025
73.46654474384354 17.517870004986342
73.95393372525521 17.52095933945117
74.36630550958608 17.53545683175774
@51.57777427826082 10.110386076740497
51.659782021761885 10.104383037930294
51.76820430824472 10.10630522264614
51.89449540995409 10.108555275936787
51.98214377653977 10.111993635011036
52.069670423780394 10.115438679099222
52.15463439671257 10.120718948381654
52.25739178269211 10.126335294778281
52.33713811741745 10.135296681607402
52.45245122089469 10.144933337504618
52.54963298227105 10.154257969941895
52.61096156084176 10.162929090986315
52.70522740578511 10.174118646928644
52.804285468572374 10.181655644193313
52.94111013860265 10.18805251536264
53.10037833090783 10.191131885528028
53.22400277561681 10.193537050427459
53.365018861059184 10.19629669770659
53.50318336582208 10.200914506648235
53.64104419335112 10.20554829776713
53.763681787992624 10.207997025865817
53.86085825647331 10.215658657282667
53.97266254069561 10.225543237880432
54.02931886186681 10.236232871630861
54.09267806331988 10.254707591106266
54.16101255704348 10.26949288288596
54.19708807057367 10.281709503022249
54.233026939430516 10.293932564024834
54.23691190182885 10.30356922719628
54.22073588306702 10.314687113286887
54.18719546044852 10.325427412389637
54.1654524054089 10.340234037375119
54.14633541468564 10.353182170164594
54.12988132161621 10.364274846368714
54.105082509681324 10.380903900782997
54.033180777712886 10.38123053367235
53.96672773275995 10.377868654582137
53.88010916926672 10.375978234525379
53.7760179005582 10.373716409133237
53.71842126593637 10.376270494746203
53.66716353845479 10.38655861018473
53.66796961874215 10.39797273258839
53.735309242333585 10.412749427825716
53.7677594356351 10.426772742348472
53.73643041003871 10.435580252991974
53.64417453188756 10.437328839158086
53.54005687438524 10.435023142706799
53.4357767494007 10.432724836002967
53.2964840278685 10.42967186675709
53.1044856599826 10.425495253245012
52.96173783549369 10.424299678948396
52.82147990235228 10.421288335447832
52.67541692075201 10.421934749432996
52.54394611567665 10.424779344387252
52.409518395582666 10.429440301534177
52.29532058792262 10.432652304647089
52.16328652663043 10.43548915843376
52.08696169424192 10.437627476625503
52.02553608911688 10.441948211456868
51.91637484696059 10.441529284281525
51.82207617353899 10.443293618618256
51.69209214357733 10.444317684928738
51.585231598962196 10.442102537044686
51.478210418517364 10.439894367871005
51.35314951805884 10.437326953424858
51.26641842830668 10.433697474046957
51.20293886187869 10.4268372157936
51.14748406444346 10.41458273108745
51.092691854143595 10.389373396443924
51.10874836913848 10.378564030291932
51.145392756899724 10.366301993958013
51.19994799152579 10.354384086135909
51.24914393506097 10.3460654523715
51.336877831290764 10.336636412535777
51.36800359204486 10.327950164167694
51.41967662750341 10.317799465078915
51.46867943911889 10.309449670583401
51.50488365136681 10.297122564504084
51.541010013223655 10.284786407911145
51.574480024889624 10.274254578392558
51.615594128613054 10.258272440574345
51.66688927288911 10.248065003756967
51.682191235991354 10.237168078002078
51.699963369206074 10.224449728963885
51.69714278710873 10.213207303415679
51.67373443654657 10.203447195789987
51.63223005858222 10.193356890911858
51.59310136479212 10.181455444200246
51.5538368230049 10.169560663876837
51.496359762526254 10.157345764149225
51.42304315036523 10.143000901221901
51.41954443104086 10.131777207998704
51.4546305706956 10.119376894589362
51.57777427826082 10.110386076740497
@49.98980705080152 12.3992269759643
49.98592701371186 12.299092425558928
49.98194673288816 12.198983399578953
49.98156584673137 12.18181861451294
50.10389678875461 12.170424066678189
50.253719342517314 12.153906125363786
50.361890262723335 12.139562107754521
50.49451879905362 12.129615420839352
50.626970446637785 12.119654723302196
50.800502697667696 12.107461191719805
50.973728337492304 12.095246412006583
51.13828005567109 12.08634953458274
51.3519231166141 12.07186789995406
51.52416867018849 12.059590314137887
51.70444547017843 12.043932034211105
51.794460508327205 12.03608968531271
51.95761296856577 12.027115829316111
52.15283630142818 12.019256872316465
52.40379034137575 12.017034908414564
52.55751094802329 12.011426978501548
52.71095516467423 12.00581752189167
53.01701671709432 11.994593923989271
53.19318656751739 11.993529793309015
53.424085460188934 11.998196134592435
53.6141194481138 12.00515489878661
53.723674342574924 12.016634653423386
53.83285648075932 12.028135815485658
53.93324125378783 12.043065986177478
54.07880009621755 12.067201791644957
54.138476800325265 12.084390860019457
54.304992992860434 12.113191826906062
54.451255493617055 12.122629496421217
54.6055817478275 12.128696542133165
54.78154672067316 12.139420160413254
54.93953370387746 12.15699976731579
55.044393783556984 12.168746131568994
55.109776156155164 12.20895555394455
54.879368293692835 12.20703770549786
54.66133678804579 12.213166645141646
54.425319365592316 12.22605801825851
54.26763335922158 12.234640386403694
54.15386207713587 12.252394349127286
54.079469975921 12.267977494074303
53.987494357469046 12.290240718583966
53.750257475507595 12.328815571397246
53.54767116184661 12.353904335041122
53.38880253869135 12.362304085591086
53.238473063712036 12.367376828561934
52.96340964758684 12.36758830776838
52.75856417143535 12.366949266478612
52.521688620867224 12.365136313949941
52.2523906562337 12.362169738069454
51.94147129812376 12.361368689855484
51.72463872725561 12.364159006422236
51.32982532912618 12.367679203478383
51.10245689876396 12.37379928655639
50.91540874301538 12.377813897632375
50.783766190127636 12.387419297886249
50.61698020749205 12.41006179983265
50.52335088848386 12.431706081155784
50.39126513636549 12.441240174533126
50.241444801435506 12.457251924175257
49.992627076254195 12.464710090116792
49.98980705080152 12.3992269759643
@