74.69453120450032 16.979764564023924
75.00110429144809 16.929397171760314
75.28894742202777 16.86048510847219
75.60662435538373 16.809637375704952
75.88423773141028 16.718758631899192
76.12052542301095 16.652185657917443
76.45544265883575 16.599262866382762
76.72272828282092 16.552528523846348
77.08658659481029 16.522625044339232
77.35894516652596 16.57563272850444
77.76302655941498 16.497985467784478
78.17578030404079 16.419035652180938
78.5828073801384 16.31157792042482
79.03996263865469 16.285235312060088
79.49919793866178 16.26306713111495
80.14459883490812 16.459228133508212
80.43421598077148 16.331412784688656
80.71780517748718 16.12657811616355
80.65905728209634 15.880906931034417
80.57467072018585 15.664734609058662
80.47828424786363 15.48169974468211
80.32914826310139 15.25991627260232
80.06336695842535 15.170604320063516
79.74879222790858 15.050028134131697
79.2266440851761 15.04431215027229
78.78750865728173 15.031145554279696
78.02128738347537 14.958183544640153
77.45615244722259 14.898745286348195
77.14006358530924 14.797915845720913
76.76745575013592 14.625677888655037
76.28227767604508 14.42930242611372
76.17554708627515 14.231211770040343
76.29978217519815 14.063493479323677
76.76787153341911 13.90245353980785
77.06283694581131 13.674826629233934
77.34419713984201 13.491733125968942
77.52657900184943 13.327746880252556
77.76564765378967 12.95377621751834
78.09653233224779 12.712387856449885
78.52042313485572 12.489597737600686
78.84614339692794 12.289284998349308
79.13019799412655 12.011915930323791
79.18608526673106 11.730736312750857
79.20862562019786 11.443241142677248
79.20690658779563 11.037817965051579
79.69749747181731 10.719729944128371
79.94812316612246 10.406445569560905
80.30790989424744 10.100603275412109
80.63332562117824 9.777651402610124
81.06825815958055 9.45351016554758
81.27566837678526 9.155022311774108
81.63088025353434 8.792040648407374
81.78561209972534 8.4023548422374
81.88508995552195 8.002652318550691
81.92693796394747 7.597179307101901
81.9015080117307 7.123192907298984
81.68944962555236 6.802836545062506
81.56027361385148 6.412835942298987
81.41154742672796 6.096677202337769
81.0905263279914 5.814405110012046
80.69639250689738 5.490144434136845
80.2663874781721 5.185995681692699
79.86213315528175 4.951850464021163
79.31585321690764 4.634190039120387
78.92678590451433 4.355698730684853
78.58228880999931 4.135313314303456
78.2216002735947 3.9251353667309523
77.77016233696048 3.6857256763357924
77.49157761391604 3.4679632718334474
77.19680262970664 3.2593373481030596
76.99078741180884 3.0314595084341107
76.66693070490035 2.8407079205848405
76.24632608977223 2.6281536676976778
75.90831830080228 2.399933076891365
75.64537385119834 2.2629674504191257
75.46622679954208 2.1048481428238084
75.2796195119632 1.9520389657070751
75.0678941060174 1.7076210338449087
74.73339984070756 1.4089283560129644
74.20084608074004 1.2848399583323342
73.3504360398608 1.1694555252249614
72.6015878489647 1.1152940054159686
72.18073674648005 1.0581793208345047
71.50946476455027 0.9448779734225141
70.84924835884942 0.8707983452294741
70.11248955652354 0.7784935029756141
69.22015051106268 0.6855038533351063
68.73422757475274 0.6468963315479499
68.0722175071146 0.6394638273504256
67.02732746307225 0.5400398276491529
66.85755251596137 0.39023569361180677
66.67383793034466 0.2757742542219219
66.59569655567455 0.11943057887900821
66.43346426014512 23.981106903844726
66.29007261925622 23.817630207982667
66.07192940970262 23.671573663854286
65.92501507138024 23.544071819565435
65.69139042720096 23.457724489090477
65.48016421442571 23.34613404846828
65.33489562876878 23.250798512280458
65.1771238693726 23.182047512874796
64.90983396975165 23.08518958009634
64.57630914730774 22.999246077145294
64.30449104919362 22.92761693612768
63.93287470752168 22.82726456165831
63.57112961518439 22.726768992681208
63.19340761078138 22.649155815474714
62.82150197454874 22.570688290319644
62.43532710796265 22.45419166613363
62.01217025471735 22.32270244410156
61.7360225760641 22.234786746824135
61.49552978693467 22.125334262182015
61.33659242850342 22.01020230843363
61.020684745283745 21.873207070668535
60.831545611832325 21.74622943392135
60.656110179832496 21.654569368493306
60.52560140546896 21.57790684933851
60.62714657803642 21.488684697681844
60.6523513097826 21.37389252058523
60.684682925892844 21.262216402916128
60.725126757271994 21.153638327719996
60.8450718975445 21.074498694554585
60.92922093231289 21.013267725168195
61.1309185463945 20.93521440191511
61.263181982936516 20.862026211666254
61.388541417304054 20.817706698286905
61.70096370165459 20.755734990911726
62.094603153401295 20.731223761849837
63.28217773875221 20.56549615157372
63.341155531969065 20.49642130141983
63.61699538446405 20.435569322036876
63.655293168390045 20.349623023814956
63.56986166495162 20.29846195282339
63.395208421397314 20.2275576065647
63.126682412208595 20.177509482014667
62.843643006957706 20.11605735197859
62.63058333639205 20.05359617137193
62.49203906682558 19.99083212106706
62.37034712415078 19.938290391952208
62.100896912945046 19.87364178227431
61.781951560906464 19.838736204193488
61.448778390488 19.792264348356163
61.10987100982004 19.74472846022397
60.77746099617059 19.71798162347215
60.34781244494337 19.678163186756308
59.997556933404695 19.650004692461135
59.462328853176246 19.61800740202041
58.81506635834171 19.583293911696707
58.2364057753783 19.54925219915333
57.72992229977231 19.504360211415115
57.02125787400067 19.490404688405103
56.391478687467355 19.47817941474697
55.74051379403764 19.465712489477422
54.96395109851284 19.463458859564085
54.40847666727288 19.478287572665177
53.588036609117495 19.476410389763164
50.53405387803451 19.451031984361613
51.013886219351605 19.419396875481933
51.595658757939105 19.364189942008267
51.93681551043741 19.31862395382075
52.435791321648196 19.302284530177175
52.78596690902981 19.257996178503525
53.39522330082852 19.219638504382036
54.246283429423954 19.187657134784153
55.313093279010786 19.16249951900922
56.001309654326036 19.154715778713733
56.452548216988674 19.141806322714437
57.009903353402564 19.120282631650714
57.55004122041663 19.111243771254273
58.01427300427963 19.05331748181257
58.36125130992522 19.01652349209133
58.470568352969764 18.924422826879244
58.65209291628969 18.87039431497277
58.76365122446626 18.801351130295085
58.8677870808215 18.74371171532534
58.831310311779646 18.654498035266812
58.7589152350109 18.587552397731066
58.695254731481754 18.51974393184608
58.360255607772956 18.42494498302186
58.208097970654165 18.349737025886824
58.4194427635307 18.276000212557356
58.711103320521346 18.219486292095127
59.153428252184966 18.156169678605817
59.778606299479065 18.147347971367537
60.265943903071246 18.17569515165108
60.698737102578406 18.215833882345876
61.15646318500569 18.243996461464928
62.225604945431456 18.272545107769943
62.42009093759518 18.216816808927653
62.66362050637494 18.149710416922538
62.793202804682124 18.08714314549779
62.886436868685564 18.035296405598096
63.030812634364366 17.971498220557784
63.101474990139394 17.899892891306116
63.08163349380584 17.85053150390053
62.96382622825061 17.74212767067014
63.24585843204525 17.649653554247788
63.57067726041038 17.576466240998634
64.04285128362557 17.49927526443645
64.43095240215902 17.468038687174797
64.8756365197687 17.425493744228817
65.24459747153449 17.374417011712094
65.82450058913653 17.33147193563546
66.3907450894092 17.268441340627856
66.8292518824592 17.207986208469777
67.20950729125727 17.159938614582124
67.71993658073015 17.08904902444708
68.36324727452578 17.043186983510516
69.7134276693458 16.925535782632245
70.21323332740724 16.911197583200448
70.74051719333855 16.93793608381139
71.13488779037493 16.96363535886735
71.58353996731205 17.04345068769424
72.5961669720239 16.984861183023227
72.96999015956587 16.996955120162625
73.46654212875171 16.99571617095708
73.95398200467048 16.998836519121863
74.3663595983802 17.013365809836067
@51.57733107876524 9.586540425045383
51.65938999746763 9.580538536810726
51.76784702021183 9.582457779130692
51.894178404038456 9.58470439644334
51.981848517450146 9.588139530601175
52.069396845633634 9.591581351382139
52.15437565397781 9.596857632501251
52.25715355678872 9.602469504577991
52.33690142295242 9.611425380935248
52.45222759543333 9.62105555650358
52.549417004452124 9.630374205701326
52.6107422061732 9.639040322215017
52.70500980238981 9.650223144118096
52.80408257921155 9.657754947784706
52.94093947416303 9.66414643399311
53.10025768534564 9.66722146646982
53.22392074458321 9.66962325632269
53.364980652890466 9.67237904527601
53.50318258422939 9.676992244223092
53.64108060596163 9.681621430451216
53.76375578285746 9.684066786219665
53.86094646927606 9.691723295270958
53.97276452450737 9.701601540660462
54.02941306872529 9.712285542244768
54.09274738918549 9.730751177357456
54.16106921057121 9.745528881347708
54.1971274827288 9.757739605540163
54.233049561577445 9.769956770399597
54.23691277586573 9.779589215528622
54.22070449707658 9.790702585623922
54.18712667706515 9.8014388135119
54.16534151195944 9.816239374475266
54.146188152543004 9.82918218218629
54.12970324245808 9.84027028031855
54.10485882380209 9.856892444676637
54.03292961837107 9.857220094199894
53.96645909641231 9.853860769827019
53.87981227387206 9.85197258251687
53.77568692602185 9.849713436982515
53.7180629583803 9.8522673098459
53.666763283448034 9.862551645762927
53.66754498424004 9.873960644368436
53.73487884633002 9.88872967493291
53.76731232897521 9.902746209757405
53.73595346759558 9.911550240745893
53.6436588437241 9.91329942018617
53.53950598051779 9.91099631764735
53.435190463160296 9.908700605389903
53.295850260145016 9.905651096054957
53.10378605801748 9.901479240705095
52.96098501568113 9.900286324623078
52.820678431373636 9.897278438470181
52.674556481943995 9.89792669054175
52.54302749860085 9.900771865179912
52.4085362918249 9.90543256464837
52.294285932441056 9.908644676475905
52.162192726516196 9.911482046942826
52.08583253153762 9.913620415152444
52.024372931153124 9.917939940177458
51.91516819235747 9.917522722087622
51.82082732525251 9.919287503799922
51.69078788617 9.920312849501691
51.58388807915952 9.91810022622807
51.476827436706145 9.91589458038188
51.351720244117814 9.913330108044692
51.26496096241854 9.909703575207306
51.201469960360214 9.902847540125459
51.1460193118935 9.890599827493833
51.091262194574284 9.865403624716508
51.1073509519081 9.854599326324454
51.14404004118194 9.842342755350675
51.19864699302093 9.830429855833348
51.24788383688207 9.822114532424393
51.3356773687498 9.812688737783995
51.366837900744486 9.804006203570504
51.418558066233686 9.793859588319748
51.46760246707075 9.785513030678556
51.50385379027668 9.773191238296391
51.540027711987506 9.760860371467263
51.57353973669049 9.750332991456718
51.614714351629885 9.73435772170226
51.666058472351835 9.724154225678966
51.68139739833185 9.713262144049263
51.69921312637351 9.700549426755506
51.696424248319374 9.689312280039223
51.67303558557197 9.679557111624739
51.63154519427607 9.669472214233963
51.592437385649276 9.657576970485485
51.55319424201298 9.64568838876104
51.49573309629827 9.633480161424536
51.42243374434568 9.61914324154919
51.418970039040545 9.607924769153431
51.45411040496259 9.595529475945
51.57733107876524 9.586540425045383
@49.99070904902547 11.899270567250042
49.98686345216257 11.799129300467696
49.98289667098206 11.699013300057766
49.981736272196656 11.657044070848109
50.10344526011468 11.645709610989964
50.25324646984788 11.629196368304715
50.361395335208755 11.614856375518304
50.49402237224689 11.60491282082016
50.62647328608659 11.594955285395256
50.80000844708255 11.582765722563918
50.973238181457276 11.570554954124114
51.1378028862529 11.56166123171552
51.35145574942115 11.547184477779414
51.523708872282015 11.534911018375382
51.70398730825454 11.519257830840257
51.794003744674 11.511418049796557
51.957173567348576 11.502447477243514
52.15242611520529 11.494591697535055
52.40343863256979 11.49237172827203
52.557184673021254 11.486766161819691
52.71065466820821 11.481159073995293
53.01676877946332 11.46994022782168
53.19298208066695 11.468877396660128
53.42395183855086 11.473543851539798
53.614050918795385 11.48050192891316
53.72365999184467 11.491979385068191
53.83289603979165 11.503478301150091
53.93334005421036 11.518405377248824
54.07899020097403 11.542536253102641
54.13872102202251 11.559721641038003
54.30534405171554 11.58851714038816
54.45166322254485 11.597953760922884
54.60603996177315 11.604020613834631
54.78207082122833 11.61474323605684
54.94013458060641 11.632320341765817
55.045045509726435 11.644065108009768
55.110535003324514 11.68426704820244
54.88007153258562 11.682347655309032
54.662006437055595 11.688473605337958
54.425968839145014 11.70136054677688
54.2682701267226 11.709939981694452
54.154519691317034 11.727689647398233
54.080152256534376 11.743269289612625
53.988216221712094 11.76552773286097
53.75103636863355 11.8040939565578
53.54848120757097 11.829176912988506
53.389606687984326 11.837574003498995
53.23926394678165 11.842644707782842
52.96415040976825 11.84285393476545
52.75926543097273 11.842213378339292
52.52234106708522 11.840398886241335
52.25298486370829 11.837430762190376
51.94200662734784 11.836627564595862
51.72514406451529 11.8394158662282
51.33027218933401 11.842932732734669
51.10288466929228 11.849050267676976
50.915818026524335 11.853062979625925
50.78418648905634 11.862665957873624
50.61745295203522 11.885303810637708
50.523886521952534 11.906944230808477
50.391815074722274 11.916476093464802
50.24203130612128 11.9324846332034
49.9926177224705 11.939957873738702
49.99070904902547 11.899270567250042
@