74.69423719969652 17.519196448666506
75.00053787367753 17.468816416826776
75.28804332234964 17.399901655843493
75.60546758735094 17.349037671289516
75.88268322155378 17.258167713699837
76.11868886974491 17.191596714099973
76.45337964610917 17.138652230816636
76.72047555156834 17.09190138298649
77.08420694902267 17.061952423284843
77.35674098525712 17.114878878281324
77.76053247418525 17.037197908664417
78.17300888478303 16.95820862754639
78.57968519024143 16.850725990734563
79.03676025734907 16.824285796079877
79.4959336951612 16.802005684187527
80.14193491581327 16.99784083879301
80.43117086032271 16.870006428211166
80.71418421158137 16.66520946029731
80.65477600103338 16.419748050221354
80.56984459545117 16.20378575676062
80.47302473535399 16.020945246984887
80.3233997630984 15.799414856584207
80.0574162760405 15.710271500098985
79.74258466165534 15.589902825885773
79.22038209531584 15.584335971442114
78.78118637228116 15.57129209760364
78.01477346336881 15.498570013104018
77.44949317915322 15.439299479098914
77.1332191485306 15.338620123996037
76.76033940580632 15.166601930583326
76.27489815502793 14.97047810480417
76.16797777654838 14.772573553487305
76.29209643079164 14.60497667429779
76.76010504404172 14.443997503388333
77.05497515183606 14.216506401412987
77.33627963052618 14.033510693902294
77.5186262783802 13.869619007782795
77.75766740466852 13.495875275833408
78.08854309425249 13.254599899887982
78.51241646510874 13.031896113349195
78.83812698334631 12.831666958943424
79.12219244733691 12.554429857091192
79.17813270282917 12.273397492213418
79.20073819308533 11.986043172192522
79.19911670042794 11.580800083749685
79.68968381651834 11.262854771303337
79.94033090900186 10.949719776916155
80.300126299395 10.644047459756358
80.62557747699202 10.321293647181578
81.06056544569765 9.997400236244163
81.26807569010032 9.699128699546028
81.62345692147181 9.336467367318608
81.77843398896604 8.947085469161369
81.87822759316899 8.54768771161236
81.92046323713527 8.142505429210242
81.8955719239433 7.668820379203058
81.68387997681313 7.3485631934505395
81.55525624686561 6.958730154958591
81.40702030897876 6.642670446467832
81.08640253730238 6.360387439660073
80.69276853197672 6.036094226801861
80.26325544231244 5.731882036165871
79.85938147392397 5.49765689299608
79.31367080048784 5.1798834603165
78.92519348752137 4.901309202017792
78.58117789704781 4.680837915278179
78.22095849984765 4.470561867312469
77.77006372280704 4.231021878599869
77.4920416457266 4.013159413783789
77.19780227338836 3.804421203479613
76.99241158802687 3.576430940511159
76.66902185759972 3.3855487328244536
76.24891008246246 3.172832819665473
75.91144605285811 2.9444513815287436
75.64879735065665 2.807377874126935
75.47001139535948 2.649150902443516
75.28373173238305 2.4962346461837583
75.07251577657306 2.251656640150074
74.73855794267288 1.9527625600876277
74.20609119031599 1.828550954192309
73.35563250862299 1.7130251636764307
72.60663316325139 1.6587710043180834
72.18573361533902 1.6015965194654278
71.51440143121837 1.4881989741129509
70.85404268093305 1.4140471746160834
70.11711449609993 1.321668326362726
69.2245067914148 1.228607180919326
68.73840444616576 1.1899683368054994
68.07606870950451 1.1825029553396718
67.0307476718317 1.0830288480470465
66.86110216409529 0.9332229050832481
66.67747662719432 0.8187671020272447
66.59959978054877 0.6624448988304934
66.43759610245931 0.5241484072076226
66.29457415022532 0.3607138877314888
66.07678968096383 0.21470520366708712
65.93028004609818 0.08724956116754967
65.69690802816751 0.0009425476129365506
65.48610811932681 23.88940349314791
65.34126964837697 23.79411147086422
65.18382093677548 23.725396434567834
64.9170253542959 23.628594292436368
64.58397645926465 23.542710828087536
64.3126076539655 23.471132658321892
63.9417033293993 23.370851972666227
63.58076918608546 23.270427073093202
63.20375285910475 23.192880327245163
62.83263717620747 23.1144783150342
62.44772378232503 22.99805231323746
62.02613751418835 22.866631207935658
61.751120786315795 22.778752716811937
61.51204463622207 22.669320393624176
61.35457658262166 22.554180814629582
61.04058694029172 22.417176859873543
60.8531508921711 22.29015396372923
60.67899739723222 22.198454790743863
60.54953829693994 22.121748674952535
60.6519113206821 22.032427355617866
60.678262152364994 21.917511022747355
60.71161169871942 21.805699680571976
60.75294042878414 21.6969773278569
60.8733061730004 21.61771416114082
60.95775486656902 21.556385908919843
61.15960532770643 21.4781938989902
61.29206091361311 21.404880381297033
61.41742475600199 21.360478897022865
61.729559556571104 21.298377266821376
62.12257066682261 21.273786272023756
63.30853637182966 21.107688475912706
63.367559282138416 21.038503916573525
63.643007836306964 20.977535993444867
63.68132640697408 20.8914566033404
63.596073017051 20.84022426095816
63.421736669313816 20.769223787752473
63.15367848722835 20.719116121993622
62.87110738825501 20.657585455346496
62.658356636792405 20.595038121600133
62.519948591501276 20.53218250732167
62.398355281384966 20.479564168073125
62.129218730232054 20.41482595005194
61.81075708120986 20.37987783593232
61.47803887882125 20.333344377821494
61.139572883077875 20.285743943146592
60.80767736005359 20.258963756497373
60.37865736272295 20.2190922599223
60.0289294581201 20.19089598753002
59.49456739197825 20.158856451076314
58.84837374769663 20.12409527691175
58.270639217459006 20.09000345121847
57.764824237946044 20.045041098729342
57.05751383229642 20.0310639534234
56.4289552970761 20.018817917176417
55.77926811924726 20.00632805888512
55.00439281126518 20.004066804093753
54.450344485061066 20.01891865322881
53.63177397498444 20.01703255854519
50.584793586121236 19.991571537356133
51.062936222066895 19.959881294663138
51.64243660647534 19.90458053450491
51.98207422559045 19.858940059087235
52.479672563326375 19.842582486713574
52.82838399336683 19.798228603035287
53.43575508743072 19.759824235942435
54.28460093367579 19.727814106662336
55.34896509919372 19.702643738838404
56.035772504805664 19.694863186254505
56.48600535987478 19.681945458713983
57.04207677976791 19.66040488304803
57.58114667126026 19.651364491767993
58.04388641895221 19.593378925199783
58.389852621216505 19.55655089298176
58.49788929454431 19.464359031613895
58.67847852664141 19.4102843224647
58.78902333143316 19.3411848680191
58.89229624779719 19.283503128486256
58.85474136137111 19.194227137460484
58.78157685795043 19.12723964123708
58.71710883020856 19.05939418901637
58.38122926111197 18.964546219694597
58.22821281967097 18.889309404772483
58.43834395065747 18.815559064799814
58.72897260004871 18.75904130867471
59.17007421568809 18.695725982238283
59.794597617848694 18.686915731191352
60.28185561985251 18.715275305552503
60.714738477252894 18.755428027528076
61.172372045029476 18.783603855900108
62.24084310752946 18.81217505089073
62.43456571166476 18.756437165404385
62.6771872186205 18.68932266989467
62.80601963484719 18.626750008604034
62.89865150171127 18.574901052364712
63.04227481860701 18.511103271385267
63.11217034222116 18.439501406193568
63.091850105511384 18.39014430447374
62.97303939927485 18.28175629303251
63.25401320076335 18.189303823545313
63.57797341421718 18.116137033666366
64.04921930514902 18.038969830483598
64.43687226487555 18.007742315104323
64.881002487453 17.965209764960633
65.24939029215733 17.914149208290393
65.82872874743555 17.871214337211914
66.3942872042613 17.80820142366133
66.83220341107517 17.747764825592085
67.21199977451292 17.69973116141845
67.72179828324775 17.62886301126275
68.36464244785287 17.58300444103664
69.7138011599854 17.465362389725854
70.21342587817364 17.45100791863911
70.74075514909461 17.47770431690162
71.13518703219384 17.50336795086516
71.58417554280666 17.583117647285633
72.59628414317729 17.524485403002483
72.97009420708855 17.53654428818416
73.46654413654935 17.535263629035697
73.95390725284503 17.53833720462895
74.3662760795707 17.552818535017604
@51.57799936832771 10.128639627383015
51.659981099817 10.122636004071285
51.76838573386641 10.124559684608016
51.894656364777006 10.126811484637228
51.98229368125644 10.130251483048411
52.06980931182659 10.13369816565374
52.15476574817265 10.138980462177852
52.25751271024663 10.144599082959363
52.337258271723755 10.153563270719314
52.452564738479595 10.163203220587175
52.54974261808957 10.172530894294518
52.611072917401714 10.18120455907375
52.7053378779747 10.192397537874479
52.80438846631739 10.199937175081143
52.94119676159315 10.206336783559195
53.100439533934235 10.209418358813865
53.22404435440157 10.211825239433141
53.365038168625006 10.21458684810421
53.503183653752245 10.219207000461646
53.64102557965754 10.223843132396738
53.76364407445399 10.22629357481622
53.860813319901695 10.233957809939108
53.97261060900854 10.24384561070887
54.029270886892334 10.25453810716697
54.092642740887186 10.273017443965463
54.160983680563646 10.287806592449465
54.197067961218295 10.300026209328268
54.23301536768895 10.31225226718039
54.23691138674508 10.321891074224165
54.22075176778034 10.333011255587333
54.18723035588127 10.343753623868054
54.16550870797985 10.3585633309389
54.146410205671714 10.371514170250698
54.129971778739815 10.382609173311668
54.105196151396484 10.399241729688336
54.033308383132294 10.399567845719782
53.96686422007221 10.396204668016757
53.88026001891129 10.3943131129567
53.77618607050201 10.39204992527233
53.71860332879646 10.39460411891166
53.667366924330395 10.404894155285923
53.66818539887285 10.416310881989183
53.735527954795145 10.431091473114728
53.76798664507871 10.44511823365942
53.73667278603324 10.453927512885798
53.644436601217734 10.455675797353857
53.540336836760076 10.453368782299846
53.436074699661646 10.451069156719061
53.29680611015766 10.44801442863626
53.10484120182639 10.4438353963164
52.96212042527259 10.442638470654558
52.821887218447955 10.439625369603538
52.67585420766409 10.440270849068266
52.54441297272638 10.443115149152362
52.41001752130748 10.447776237044387
52.29584642414605 10.45098818470582
52.16384242407412 10.453824775647863
52.08753556541919 10.455963068288193
52.0261272397434 10.460284417949486
51.91698810464899 10.459864621881412
51.82271087671663 10.46162872866484
51.69275500872908 10.462652144456062
51.58591441846281 10.460435713154006
51.478913293777566 10.458226261211886
51.353875920298464 10.455657351100601
51.26715915776157 10.452026373867378
51.20368540106085 10.445163968893695
51.148228490560456 10.432906041892222
51.09341843504572 10.407690032335815
51.10945855891424 10.396878090326947
51.14608022263059 10.384613276090047
51.200609167611645 10.37269282272759
51.249784320513896 10.364372506463171
51.337487903587714 10.354941817335884
51.368595988532036 10.346253681198919
51.42024506629167 10.336100906490568
51.46922673700928 10.327749466881489
51.5054070001936 10.315419660055328
51.5415091847581 10.303080814892104
51.57495783899009 10.292546723887783
51.61604118119598 10.276561095331619
51.66731142901483 10.266351655660467
51.68259460097309 10.255452267834
51.700344571479576 10.242731056420785
51.69750787061031 10.23148594782568
51.674089508979165 10.221723329720286
51.63257801716807 10.211630276310242
51.59343870241355 10.199725676771209
51.55416327881204 10.18782774584605
51.49667812297946 10.175609454661892
51.42335273021817 10.161260554418396
51.41983620914084 10.15003420768714
51.45489478216891 10.137631342873952
51.57799936832771 10.128639627383015
@49.9891115277679 12.39919667534244
49.98520717756119 12.299067090750848
49.98131553102695 12.200559533397604
50.1041260053085 12.18911922572323
50.25395941500176 12.17259889630255
50.36214155111006 12.158252833077645
50.49477085444903 12.148304554100365
50.62722287989712 12.13834224929949
50.800753657990384 12.126146700420401
50.97397722271788 12.11392988178748
51.138522345002144 12.105031400607935
51.3521604308398 12.090547285100381
51.524402142972065 12.07826760181405
51.70467811828621 12.062606733459788
51.79469244912079 12.054763079334164
51.95783608901871 12.045787554270744
52.15304457715632 12.03792698207715
52.403968897940075 12.03570400390454
52.55767658049723 12.030094872485568
52.71110769778815 12.024484211660534
53.01714254216324 12.013258198123928
53.19329030969439 12.012193406597072
53.42415318434473 12.016859689620935
53.61415408744202 12.023818802432734
53.723681442284686 12.035299724948985
53.83283617751184 12.046802028199206
53.933190836700874 12.061733771367402
54.0787032666301 12.085872081756639
54.13835246065477 12.103063020400905
54.30481434500655 12.131866765456154
54.451048041012484 12.141304967665251
54.6053486351295 12.147372110935764
54.781280118762965 12.158096234914769
54.93922807608635 12.175677112441738
55.04406230866411 12.187424288470968
55.109390225771136 12.227637512906943
54.87901062531381 12.225720449997533
54.660996188494266 12.231850909523718
54.42498901473573 12.244744535375096
54.26730946247412 12.253328394549495
54.15352757880186 12.271084541184798
54.07912293553517 12.28666946628399
53.98712719115568 12.308935120660147
53.74986131034325 12.347514358979
53.54725915369363 12.37260607404697
53.38839352315003 12.381007176716578
53.23807078753785 12.386080956053823
52.96303284224692 12.38629358051869
52.75820744121705 12.385655309730067
52.521356697909766 12.383843140206235
52.25208833099066 12.38087735178558
51.94119889439429 12.380077396618804
51.72438156343341 12.382868737626815
51.32959788027924 12.386390628091432
51.10223914730412 12.392512006528953
50.915200383816796 12.396527583074842
50.78355222727632 12.406134214310145
50.61673957900166 12.428779078919492
50.52307828785351 12.45042532226334
50.390985260101985 12.459960549367691
50.24114633261382 12.475973930246802
49.992487151047925 12.483428764389842
49.9891115277679 12.39919667534244
@