74.69430388127736 17.508484292195554
75.0006654109788 17.45810707425155
75.28824629459646 17.389192902864863
75.60572700457664 17.338332538902307
75.88303148797189 17.247460601594558
76.11910014007026 17.180889148459183
76.4538415066155 17.127949500266133
76.72097979416245 17.08120233013969
77.0847395486218 17.051263522896495
77.35723440117101 17.104208131185533
77.76109065496212 17.02653467500059
78.17362902305865 16.947554192312914
78.58038368732204 16.84007709555737
79.03747668350715 16.81365868947976
79.4966639587839 16.79140356999666
80.14253113510091 16.98731154377467
80.43185223648882 16.85948135763157
80.71499421125651 16.654675917678663
80.65573345798407 16.409167603792902
80.57092371406398 16.193158363937602
80.47420062187376 16.010274420267997
80.32468482543516 15.78868748158052
80.05874646959217 15.69950646853071
79.74397219834336 15.579091445538586
79.22178176579604 15.573491296035272
78.78259949208618 15.560420020804271
78.01622935104768 15.487644358123005
77.45098150740807 15.428336367836934
77.13474881366378 15.32762349043434
76.76192977189183 15.15555621076205
76.27654726919891 14.959376181655164
76.16966925620429 14.761430061403757
76.29381390055565 14.59380606214011
76.76184053969644 14.432813313502225
77.05673191739749 14.205291875951243
77.33804882898497 14.022274323924103
77.52040333183555 13.858361517489671
77.75945058374612 13.484567102573218
78.0903282719525 13.24326649187675
78.51420553139823 13.020543423076788
78.83991822209808 12.82029560104027
79.12398125312819 12.54302902793874
79.17990966768696 12.261963779029522
79.20250060404146 11.974578004680046
79.20085732114043 11.569294698623317
79.69142975351258 11.251317519393721
79.9420720731593 10.938149168181411
80.30186553993096 10.63243889712638
80.62730881356032 10.309640860694145
81.06228442204633 9.98569211710454
81.26977234319133 9.687372280144402
81.62511577867105 9.324639425223667
81.78003810582047 8.935189662752563
81.87976121959076 8.535723841805266
81.92191031653087 8.130476620526618
81.89689872927286 7.6567242426337945
81.68512494372874 7.336444876108143
81.55637786911808 6.946574374003191
81.40803242987502 6.630492509327965
81.08732455435162 6.34821190370808
80.69357888198192 6.023925917115601
80.26395587517348 5.719727859659983
79.85999691323525 5.485520543785508
79.3141590288833 5.16777232188452
78.92554987280951 4.889216564899112
78.58142667730064 4.668764440545619
78.2211024330004 4.458510290714674
77.77008626008822 4.218999394339367
77.49193843675613 4.001159267833426
77.19757935478509 3.792446131166276
76.99204908842026 3.564480971715181
76.66855497970158 3.3736279412257204
76.24833304010102 3.1609481438174356
75.91074746827061 2.932602640513771
75.64803265628873 2.795553237653568
75.46916598916377 2.63735032116789
75.28281309494812 2.4844579909357805
75.07148326937568 2.239915753123615
74.73740553303375 1.9410666801490315
74.20491931891564 1.816882612467623
73.35447148442313 1.7013884183464292
72.6055059006022 1.6471549665942788
72.1846171693347 1.589993847852309
71.51329842458537 1.4766178033110577
70.85297147153426 1.4024821348573866
70.11608112569255 1.3101198273451402
69.22353344336216 1.2170746615673842
68.73747118245126 1.178442818176066
68.07520821043926 1.1709847852235526
67.02998347001233 1.0715218769539874
66.86030904052066 0.9217163380116773
66.67666360739548 0.8072592752898622
66.59872765714911 0.6509322731646883
66.43667290020659 0.5126297063626382
66.29356835061006 0.3491857607153932
66.07570373198126 0.20316638021168387
65.92910367853099 0.07570041146884066
65.69567522178158 23.989384387238918
65.48478007110666 23.877833847545887
65.33984550636205 23.78253209904734
65.18232462282111 23.7138090243268
64.91541860689426 23.61699441179342
64.58226339053263 23.53109752761589
64.31079421409828 23.459507964325773
63.939730826388455 23.3592112534114
63.57861551875351 23.258770555414465
63.20144155048587 23.181208958632297
62.830149399893514 23.102792299882886
62.444954195657374 22.986350506021736
62.02301706061266 22.8549141660641
61.74774767844622 22.767027351536328
61.5083550412603 22.65759051252663
61.3505587232506 22.542452628306847
61.03614057193221 22.405450610365673
60.8483240239583 22.278437821652478
60.67388412408033 22.186747384294655
60.54419050735547 22.110051009509434
60.64637854259496 22.02075185597847
60.672473287424765 21.9058632755449
60.705595384212586 21.794082162731335
60.746726389645005 21.68539206554319
60.86699814134798 21.60615651853884
60.9513798723257 21.544850017498113
61.15319616333292 21.466689017116895
61.285608809366636 21.393403522435502
61.410971659576035 21.34902036701524
61.723170673119 21.286947788062584
62.11632214506102 21.26237462910458
63.302647285047186 21.09635960709915
63.36166013522103 21.027199579358772
63.63719612582679 20.966257581225015
63.675510086987885 20.880207951090725
63.59021692963162 20.82899154562807
63.41580982331391 20.75801256741947
63.1476471575686 20.707918216311953
62.86497147859231 20.646405111757325
62.652151758659926 20.58387704274288
62.51371332809083 20.521041902481503
62.3920980259598 20.468440693314513
62.1228914620865 20.403722512136856
61.80432179320587 20.368783910189556
61.471502004572386 20.322264227176163
61.13293746258384 20.27467822576579
60.800927045014106 20.247905497345556
60.37176669369535 20.208045866210277
60.02192097421013 20.17985804210886
59.487365515487994 20.147827953953918
58.84093318627177 20.113077444505517
58.26299187489306 20.078996826154075
57.75702766573528 20.03405020787698
57.04941488331164 20.02007790125328
56.4205837647454 20.007836510981367
55.77061127090491 19.9953517840449
54.99535915159487 19.99309223923155
54.44099233303103 20.007938919846925
53.62200436229102 20.00605482303701
50.573460640975696 19.98061229184683
51.05198061372738 19.94893437187237
51.63198846047297 19.89365458278516
51.97196539759855 19.848030755627814
52.4698713323875 19.831677236256617
52.81890980848863 19.78733799764661
53.42670196310627 19.748944061908574
54.27604231594893 19.7169403531885
55.34095265560637 19.691772826060742
56.02807470807369 19.68399155503537
56.478532177193955 19.671075672057516
57.03489031690319 19.64953886474877
57.57419872631803 19.6404988107669
58.03727179733184 19.58252648608964
58.38346409928539 19.545706057280785
58.491786889646306 19.453534570149145
58.67258510594229 19.399470179366276
58.78335637885891 19.33038329258955
58.88682211475896 19.272711004521298
58.849508157508666 19.18344892760725
58.77651560284346 19.11647077679423
58.71222802995632 19.048633580016865
58.37654524934078 18.95379655157369
58.223720720964195 18.878566172716
58.43412299019488 18.804818840334697
58.72498215536399 18.74830192885518
59.16635703266738 18.68498630019549
59.79102662254192 18.676173484399754
60.27830235180895 18.704530292175857
60.711165124978095 18.74467989285401
61.16881930858821 18.772852763111906
62.23744010551954 18.801418918212452
62.43133326076881 18.745683164278656
62.674157637842825 18.678570466446285
62.80315759055543 18.61599899765813
62.89592399784968 18.56415052675888
63.03971541919307 18.500352643043104
63.10978226421108 18.42874999013319
63.089568988032454 18.379391921578737
62.97098247065665 18.271000354730813
63.252192707784076 18.17854302991848
63.57634471893107 18.10537163954656
64.04779792916108 18.028199108817606
64.43555098813388 17.99696956186007
64.87980492926127 17.95443423378914
65.248320756781 17.90337005278786
65.82778533259915 17.860432892452323
66.39349702695836 17.79741601593681
66.8315451513237 17.736975265454237
67.21144404950911 17.688938480036928
67.72138345305868 17.618065526795586
68.36433182006644 17.5722061720916
69.7137187367596 17.45456205455537
70.21338386856723 17.440211215168695
70.74070299389416 17.466917022271858
71.13512118505616 17.49258862181088
71.58403456288619 17.57235299296947
72.59625896410105 17.51373028456916
72.97007196007544 17.525797001591723
73.46654468501308 17.524525659123153
73.95392495070999 17.527609683156495
74.36629573881567 17.54210172953787
@51.577850137575325 10.11733148897787
51.65984911618247 10.111328253191866
51.76826545429421 10.113250941916364
51.894549657926575 10.115501583761286
51.98219430084117 10.118940495209298
52.06971723568097 10.122386091395153
52.1546786688053 10.12766704376169
52.25743254204008 10.133284156516225
52.337178615825735 10.14224648713515
52.452489482558036 10.151884252949596
52.5496699355389 10.161209910157732
52.61099909359845 10.169881888330535
52.70526464011232 10.181072597624933
52.80432018399699 10.188610484427588
52.9411393360883 10.19500827793577
53.10039896266997 10.198088391097995
53.22401679463442 10.20049413410336
53.36502537538934 10.203254442267177
53.50318347107458 10.207873040821937
53.64103792929836 10.212507620678402
53.76366908791641 10.214956926412988
53.86084312226561 10.222619435160098
53.972645049098304 10.232505100810842
54.0293027032246 10.243195699173114
54.09266616759376 10.261671974496423
54.16100283296444 10.276458565823257
54.197081300366875 10.288676195738319
54.23302304576737 10.300900266555312
54.23691173360024 10.310537652126431
54.220741240673675 10.321656311635428
54.18720722368292 10.332397307973892
54.16547138168275 10.347204971501696
54.14636062055047 10.36015401628262
54.129911806119594 10.37124747654528
54.105120806137506 10.387877710981101
54.03322377938355 10.388204169720527
53.966773727351324 10.384841853060468
53.88016000344368 10.382951050566476
53.7760745710506 10.38068876615272
53.71848261774582 10.383242888174273
53.667232075068455 10.393531650895692
53.668042331495116 10.404946650839747
53.73538294286598 10.419724658819579
53.76783599904252 10.433749134502849
53.73651208380883 10.442557241088027
53.644262841502325 10.444305725605878
53.540151213296156 10.441999584854095
53.4358771495682 10.439700833757575
53.29659255964637 10.436647271875795
53.10460546641309 10.432469843352834
52.96186675605446 10.431273813722097
52.82161715479137 10.428261878020352
52.67556427218733 10.428907977131166
52.544103431048256 10.431752472743877
52.40968658415491 10.436413473963503
52.29549777683749 10.439625458406228
52.16347384496322 10.442462223642451
52.08715506898827 10.444600533234112
52.025735286279485 10.448921475243903
51.91658149337192 10.448502255303515
51.82229004622485 10.450266512976576
51.69231550575793 10.45129036010698
51.585461685058476 10.449074779781213
51.47844726270418 10.446866178384882
51.353394290019736 10.44429825998182
51.266668028096376 10.440668275904311
51.20319041950913 10.433807294309776
51.147734910378745 10.421551649709997
51.09293668761208 10.396340065922498
51.1089876797175 10.38552983181714
51.145624410677016 10.373266859445412
51.20017078701963 10.36134809387805
51.249359725129665 10.353028893175884
51.337083407228135 10.343599297585552
51.36820321215572 10.334912413114752
51.419868175069695 10.324761014621625
51.46886386324411 10.316410665783945
51.50506000593697 10.304082649659982
51.54117822134015 10.291745587124494
51.57464103668585 10.281212995572798
51.6157447754492 10.26522968151173
51.667031530878745 10.255021569804518
51.68232716243716 10.244123814428335
51.70009182808485 10.231404500881471
51.697265814964084 10.220161171254361
51.67385409140829 10.210400217701746
51.6323473167333 10.200308986685965
51.593215044539164 10.188406477604072
51.55394683646065 10.176510635659787
51.49646704865759 10.164294593156125
51.423147478377444 10.149948369826054
51.41964276098048 10.138723782473043
51.454719612189564 10.12632260932891
51.577850137575325 10.11733148897787
@49.98954297403657 12.399215510903836
49.9856532847669 12.299082827308617
49.98166981667245 12.198975746256933
49.98146289102826 12.188929981587739
50.10397404658033 12.177518281267282
50.253800257790175 12.160999535253808
50.36197495683817 12.146654828349662
50.49460375124522 12.136707604978477
50.62705552578339 12.126746365863493
50.80058728003377 12.114552154542155
50.97381222018075 12.10233668780468
51.1383617154506 12.093439269992533
51.35200309945421 12.078956799421926
51.52424735818312 12.066678506854565
51.70452387977565 12.05101935474248
51.79453867933367 12.043176566040708
51.95768816714215 12.03420214765126
52.15290649760988 12.026342646417833
52.40385052317791 12.024120340782503
52.55756677469867 12.018512006028443
52.71100657716809 12.01290214366484
53.01705912961552 12.001677731828163
53.19322153886927 12.000613378495261
53.42410829489319 12.005279700186895
53.61413113461154 12.012238581886544
53.72367674951877 12.023718730078768
53.83284965419668 12.035220276703031
53.93322428033565 12.05015097728611
54.07876748404692 12.074287626858892
54.13843491868823 12.091477325466922
54.304932812044086 12.12027922854414
54.451185606857564 12.129717077590847
54.60550321467193 12.135784156208867
54.78145690310055 12.14650794493152
54.93943073639471 12.164087980031988
55.044282106798335 12.175834617853937
55.109646130809324 12.216045321436706
54.87924779163791 12.214127737643182
54.66122203778116 12.220257189398735
54.42520806916161 12.233149321576471
54.2675242378624 12.241732192125628
54.15374938391594 12.259486890748242
54.07935305690742 12.275070635547394
53.98737065735 12.297334678845626
53.75012400492466 12.335911009426129
53.54753235350671 12.36100076759484
53.38866473906799 12.369400973746169
53.23833753523991 12.374474065917822
52.963282702053164 12.374685930990301
52.758443990613586 12.37404714929757
52.52157679930963 12.372234460572757
52.25228880814271 12.369268149991006
51.94137953269998 12.368467470045434
51.72455209736634 12.371258131783595
51.32974871250653 12.374778899404689
51.10238355016793 12.380899418949395
50.91533855953841 12.384914355334136
50.783694118813855 12.394520170382274
50.61689915163467 12.417163468477803
50.5232590598946 12.438808410958325
50.3911708565536 12.448342886361424
50.241344257218515 12.464355185683305
49.992587838190786 12.471811992353635
49.98954297403657 12.399215510903836
@