74.69440337460856 17.67344150985842
75.00085670098659 17.62306854706911
75.28855137471345 17.55415527926112
75.60611722795224 17.503300387575035
75.88355573902314 17.412425482418016
76.11971943168183 17.345853358728167
76.4545371097727 17.29292101562863
76.7217393278996 17.24617940340518
77.0855418515998 17.21625591871613
77.35797758276343 17.26922790228054
77.76193152801244 17.191565798065515
78.17456335209252 17.11259860676973
78.58143621701768 17.005129892509224
79.03855624197737 16.97874436576602
79.49776437079944 16.95652695913429
80.14342927947766 17.15254474694475
80.43287883595778 17.024720969938407
80.71621484956333 16.819902804811267
80.6571765841311 16.57432378445685
80.57255041696999 16.358243758619906
80.4759733456317 16.175294315338164
80.32662230044642 15.953622089491306
80.06075206039694 15.864384266513442
79.74606433462526 15.74389932051119
79.22389223137444 15.738248926235402
78.78473026715128 15.725136302502813
78.01842468472668 15.652279799137673
77.45322580751056 15.592915295018884
77.13705549906132 15.492151844923747
76.7643280660615 15.32001051344486
76.2790342290248 15.123745693411399
76.17222015669469 14.925736862798972
76.2964040280063 14.758071951867205
76.76445787117737 14.597058724683698
77.05938135557054 14.369491524303497
77.34071703617073 14.186441018522675
77.5230834004478 14.022496349371991
77.76213991798673 13.648625469347163
78.09302063126103 13.407286787701668
78.5169037624481 13.184534628634651
78.84261973479724 12.984258642522814
79.12667910172141 12.706947603898296
79.18258966028924 12.425832739177585
79.20515864598303 12.138399506295402
79.2034824943733 11.7330555201246
79.69406293876148 11.41503025725619
79.9446980508468 11.101811574361507
80.30448860346709 10.796044032738092
80.62991993759678 10.473179263909547
81.06487687690671 10.14914702164495
81.27233110065654 9.850754301041999
81.62761748326238 9.487913518020306
81.78245719386933 9.09836135724683
81.88207392738084 8.698792845722275
81.92409242091978 8.293447659279765
81.89889934837251 7.819593730392188
81.68700209096266 7.499280933144346
81.55806892416882 7.109353953016306
81.40955829014763 6.7932387032073756
81.0887145019422 6.510961759937928
80.69480039909752 6.186686719746838
80.26501161199661 5.882510023236385
79.86092446948749 5.648329628730121
79.3148947396607 5.330619473226431
78.92608675099947 5.052091656074754
78.58180128357142 4.831668459324675
78.22131893219992 4.621447359847515
77.77011970366391 4.381980364324111
77.49178225943433 4.16417394960121
77.19724266529354 3.955498646371609
76.99150191970833 3.727571366153292
76.6678504266965 3.536762350331493
76.2474623838973 3.3241370292701617
75.90969354915359 3.095845728660592
75.64687906003704 2.958832680978386
75.46789069330671 2.8006660462215436
75.28142737999687 2.6478098012364377
75.0699258562428 2.403321508143989
74.73566732749515 2.104540309136091
74.20315178352979 1.9803977656016798
73.35272033189386 1.8649512130416532
72.60380568116841 1.8107489838041886
72.18293327240977 1.7536080192739867
71.51163481037517 1.6402643956179759
70.85135582327777 1.5661530506662587
70.1145225552034 1.473815684835813
69.2220654068044 1.3807946147334746
68.7360636046331 1.3421733276743204
68.07391038025773 1.3347263752103125
67.02883088085593 1.235280354199407
66.85911283101933 1.0854754247869955
66.67543738926813 0.9710164625300202
66.59741229547078 0.8146822238990445
66.43528049703633 0.6763704958707173
66.29205136668119 0.5129123360364289
66.07406585754771 0.36687682584577175
65.9273294245692 0.23939528610826954
65.69381583739448 0.15306567432893559
65.48277702926526 0.0414978162879045
65.337697522653 23.94618140236671
65.18006777776355 23.87744620707251
64.91299518647932 23.780612791466076
64.57967959331432 23.694695672565246
64.30805901536618 23.62308893032741
63.93675569403561 23.52276805765917
63.57536711497005 23.422303541049203
63.197955351754956 23.344719554081045
62.82639700741876 23.266280814304984
62.44077671549718 23.14981521593618
62.01831032827374 23.018355914835876
61.74265984040122 22.93045655780145
61.502789822584674 22.821012919892805
61.344498371779935 22.705877601565895
61.02943387468824 22.568878516634456
60.84104341127261 22.441880977879897
60.666171518096746 22.350203718499763
60.53612417603753 22.27352203546986
60.63803322396379 22.184256304213527
60.66374173793332 22.06940956829883
60.696520796005615 21.95767403167374
60.73735359384119 21.849032562902053
60.857483598780505 21.769838653371465
60.94176434338971 21.708564942156393
61.14352911816442 21.63045068746213
61.2758770083058 21.557207435823273
61.40123836999089 21.512851909750594
61.71353425471557 21.450823123066662
62.10689745991178 21.426276850205575
63.29376476210825 21.260386604037148
63.35276241678426 21.191263555364237
63.628430274936704 21.13036063745897
63.66673724578436 21.04435586781296
63.58138407775991 20.993163485500023
63.406870199544045 20.92221690846381
63.138549898403824 20.872142626958112
62.85571642705193 20.810655994664142
62.64279262660486 20.748156964979064
62.50430831123694 20.685352687592292
62.382659789912935 20.63277730081998
62.11334755417056 20.568089323392485
61.79461490445948 20.533165059197806
61.461641824023445 20.486666140322583
61.122928569764895 20.43910189538016
60.790744797985695 20.41234040844526
60.36137266497923 20.372498662302824
60.01134917550809 20.344323572230053
59.47650192040669 20.312307724480107
58.829709452299 20.27757328853978
58.25145612293923 20.243509562286633
57.74526669236019 20.198586661573763
57.03719768146132 20.184621644655262
56.407955276313004 20.172387254114216
55.75755227298407 20.159910258508994
54.981731604370424 20.157653285870076
54.4268842613738 20.172492170172426
53.607266376270616 20.170611079363553
50.5563634349559 20.145196401988123
51.035452741180166 20.113537063354528
51.61622619661759 20.05828889609612
51.9567150247463 20.0126901727948
52.45508508314367 19.996342768556495
52.804616928618714 19.952025614998682
53.41304433906234 19.91364741384167
54.26313078775243 19.881653394688485
55.32886518901768 19.856490161327432
56.01646198438604 19.8487078134706
56.46725832937781 19.835794716440752
57.02404902729799 19.81426359734269
57.563717292678405 19.805224057266017
58.027293148321974 19.74727170743629
58.373826505250946 19.710462749505172
58.48258078685214 19.6183219939263
58.663694202450415 19.56427316973369
58.77480702549005 19.495205243392707
58.87856356959708 19.43754721617407
58.841612947017154 19.34830613412379
58.768879697046316 19.281342086341223
58.704864264848396 19.21351735009536
58.36947821583567 19.118696836178845
58.2169431093707 19.043476177256675
58.42775435878852 18.969733397082397
58.718961249124106 18.91321777300599
59.16074834586843 18.849901704476185
59.78563851169116 18.841085025913664
60.27294104156215 18.869437658098853
60.70577357903065 18.909582545844906
61.16345891625795 18.93775095213384
62.23230568200938 18.966309507762986
62.42645608667863 18.910576980084
62.66958646461913 18.843467007654638
62.798839116636145 18.780897350272983
62.89180845526886 18.72904962212676
63.03585343855801 18.66525159702235
63.10617869396512 18.593647770992376
63.08612674703173 18.544288254307457
62.96787837578941 18.43589134712857
63.24944526663495 18.34342671963232
63.57388660521656 18.27024840679863
64.04565256512146 18.19306785800511
64.4335566356917 18.16183525438909
64.87799721831084 18.119295746280006
65.2467061762485 18.068226109903257
65.82636102046422 18.025285506735948
66.39230388620493 17.962262666529767
66.83055101711693 17.90181566546991
67.21060459687843 17.853774182120333
67.72075655072766 17.782893998451488
68.36386211942221 17.73703347036574
69.71359330440569 17.61938626030201
70.21331940550468 17.605040902687144
70.74062322944937 17.631760898698754
71.13502076827834 17.657444509918875
71.58382081073165 17.737231002999668
72.59621989843225 17.67862269182091
72.97003731688673 17.690701221108554
73.46654442690624 17.689443933428944
73.9539505594706 17.6925437185698
74.36632430304934 17.707051927232982
@51.57762496590453 10.28138983537411
51.65964995638623 10.27538718423327
51.768083948525344 10.27730837724343
51.89438862478411 10.279557272472502
51.982044319382 10.282994544651904
52.06957827244625 10.286438502388101
52.15454724397341 10.29171742756164
52.25731154314224 10.297332265996051
52.33705839248313 10.306291795696648
52.452375898657124 10.315926267585933
52.549560235832246 10.32524888355324
52.61088767508622 10.333918317989179
52.70515410855327 10.345105604439382
52.804217128898955 10.352640851345656
52.94105265787357 10.359035907635164
53.100337706204954 10.362113815840932
53.22397516376623 10.364517843227693
53.36500601725345 10.367276190113056
53.50318313428028 10.371892445347711
53.641056495788916 10.376524684481254
53.76370675547537 10.378972275988074
53.86088801453968 10.386632181061634
53.97269693850484 10.396514626569925
54.029350637610435 10.407202362201817
54.092701452051756 10.425674020138102
54.16103167359884 10.44045675472815
54.19710137546497 10.452671387860109
54.23303458480055 10.464892461789525
54.23691221703464 10.474527703441371
54.2207253253992 10.485644067610563
54.18717229862742 10.49638299469563
54.16541505088634 10.511187576057615
54.14628580253233 10.524133914250344
54.129821322965 10.535225047603015
54.10500713985479 10.55185178000243
54.033096149080336 10.552178755548006
53.966637214508495 10.548817737463917
53.880009127650936 10.546928069916664
53.77590637420093 10.544667147726063
53.71830052793052 10.547221161671402
53.66702866297925 10.557508003391382
53.667826526253464 10.56892039900817
53.73516420700631 10.583694511114263
53.76760876761645 10.597715540769983
53.73626968645809 10.606521878735837
53.64400075053817 10.608270664887241
53.53987122858686 10.605965842671162
53.43557917625452 10.6036684103833
53.29627045331853 10.600616607245424
53.104249899121186 10.59644159739868
52.96148413992452 10.595246919031043
52.821209811248536 10.592236740779404
52.67512695703181 10.592883774301395
52.5436365452471 10.59572856468408
52.409187429321804 10.600389435055996
52.2949719111148 10.603601474863847
52.162917917463886 10.606438502845212
52.08658116747759 10.6085768379311
52.02514410536017 10.612897165066604
51.915968204618906 10.612478813935693
51.821655311525035 10.614243299091452
51.691652608289445 10.61526779664239
51.58477883224563 10.613053499649444
51.47774435311371 10.61084618093524
51.35266785223345 10.608279758095179
51.2659272620254 10.604651271798716
51.202443842433496 10.597792436863774
51.146990444492644 10.585540234498591
51.0922100634109 10.560335325555991
51.10827744541146 10.549527667316948
51.144936899149315 10.537267472879549
51.19950956404526 10.525351252904981
51.24871929211034 10.517033734752706
51.336473286864674 10.50760578854332
51.36761076669475 10.498920791881048
51.41929968636782 10.48877146907158
51.46831651471388 10.480422765409307
51.50453660505718 10.468097450093822
51.54067899631235 10.455763076195414
51.574163167867056 10.445232746193213
51.6152976661659 10.429252922964672
51.6666093170015 10.419046814201412
51.681923738192154 10.40815152095746
51.69971056475532 10.39543506986121
51.69690066861463 10.384194423332971
51.67349895433898 10.37443598028626
51.63199929145463 10.364347497813661
51.59287763785585 10.352448141585981
51.55362030917567 10.340555450273548
51.496148614008774 10.328342799242126
51.42283782099702 10.314000613244431
51.41935090331003 10.302778679476441
51.45445531931165 10.29038005787045
51.57762496590453 10.28138983537411
@49.99089966248482 12.599273239345143
49.98706610142324 12.499131289163437
49.98310402752094 12.399014463448761
49.98177275274389 12.352495413470496
50.10374470055595 12.341135022107979
50.2535600589776 12.324618664266591
50.3617235446726 12.310276003045436
50.494351574277545 12.300330371738163
50.626802973146454 12.290370739885908
50.80033620308714 12.27817854584744
50.97356322106208 12.265965118011628
51.13811931447776 12.257069303909818
51.35176567682271 12.242589314180178
51.52401377964378 12.230313119052916
51.704291128983726 12.214656555355138
51.79430663737935 12.206815071871972
51.95746494765791 12.19784232248939
52.152698125033766 12.189984436352848
52.4036718716265 12.187763144800043
52.557401048841484 12.182156011467518
52.71085395225404 12.176547353233452
53.01693321584915 12.165325356856334
53.19311770915127 12.16426166422803
53.424040484030144 12.168928043946831
53.61409640892094 12.175886576812262
53.72366956285205 12.187365556941963
53.83286986990183 12.198865962192661
53.93327460889998 12.213795090091121
54.07886422347269 12.237929234412233
54.1385591667985 12.255117062549083
54.30511136645487 12.283916187050682
54.451392965986486 12.293353503184703
54.60573623425168 12.29942048404783
54.7817234119436 12.3101437668103
54.939736270436185 12.327722530973299
55.044613487504876 12.339468356808394
55.11003196376805 12.379675257866833
54.87960536126195 12.377756888766001
54.661562536574166 12.38388482077283
54.42553831647399 12.396774700291527
54.26784802918175 12.405356079859226
54.15408377437109 12.42310859447678
54.079699987440335 12.438690559015457
53.987737711097196 12.460952172273844
53.75052005225206 12.499524117096405
53.54794424001582 12.52461092370311
53.3890736309682 12.533009777759526
53.238739686125854 12.538081833621838
52.96365937988091 12.53829255365113
52.75880059172408 12.537653001625529
52.521908591403445 12.53583953010203
52.25259100060097 12.53287243230374
51.941651801163005 12.532070659554236
51.72480912385424 12.534860296974335
51.32997602036937 12.538379371424858
51.10260115811684 12.544498595688026
50.91554677323484 12.548512566677823
50.78390793408278 12.558117150702722
50.617139628878306 12.580758085930906
50.523531506374326 12.602401066143138
50.391450576592746 12.61193440776553
50.24164256697469 12.627945075709112
49.99261757686995 12.635408517229537
49.99089966248482 12.599273239345143
@