74.6944686298267 17.40643021818989
75.00098283085066 17.356060084209407
75.28875296520013 17.287147425029282
75.60637528081577 17.236296169465884
75.88390267503343 17.14541930840312
76.1201293958226 17.07884674903706
76.45499767946893 17.02591925803669
76.72224229300886 16.979181338372786
77.08607317542936 16.949268020262867
77.35846969018218 17.002258152523122
77.7624884179233 16.92460358857646
78.17518221525188 16.845645224393184
78.58213346571179 16.738182085998528
79.03927140408854 16.71181837153074
79.49849334904846 16.689625983004817
80.14402407758871 16.885716574559147
80.4335588197903 16.75789707219589
80.71702352223085 16.553070504443998
80.6581328377338 16.307444625013982
80.5736284476549 16.091317677238376
80.47714824476193 15.908324809694847
80.3279064982608 15.68659603397119
80.06208145447584 15.597320532659948
79.74745115241345 15.47678921145169
79.22529122162726 15.471105483292833
78.78614274023687 15.457965429240769
78.0198800002955 15.385055302277873
77.45471361625297 15.325653312181455
77.13858469926268 15.22485632059855
76.76591804652398 15.052665876244578
76.28068303978938 14.856344819394664
76.17391139286698 14.658294398323708
76.29812129243783 14.490602355036206
76.76619318463088 14.329575549250961
77.06113797538984 14.101977998954519
77.3424861124401 13.918905638146352
77.52486035100767 13.754939836576346
77.76392302996143 13.38101824012882
78.0948057561194 13.139654307842253
78.51869278515841 12.916882854810481
78.84441093679919 12.716588188313555
79.12846787776238 12.43924765578226
79.18436659866771 12.158099880204906
79.20692102977787 11.87063516750288
79.205223081644 11.465250931829399
79.69580883437766 11.14719377264867
79.94643916144273 10.833941702382155
80.30622777326056 10.528136168887695
80.6316511785345 10.205227130941287
81.06659572109979 9.881139494803893
81.27402758241712 9.582698424399675
81.62927610381905 9.219786042001255
81.78406099802643 8.830165956477211
81.88360715247089 8.430529331714212
81.92553900154496 8.025119173832607
81.90022553776808 7.551197907408268
81.68824638434097 7.230862958915731
81.55918978779289 6.840898547664398
81.41056959249414 6.524761182477452
81.08963567611659 6.242486694635112
80.69560988688039 5.918218944076447
80.26571117786176 5.614056440867785
79.86153905033675 5.379893919145864
79.31538212766708 5.062209032219453
78.92644231283231 4.78369976440489
78.58204926377925 4.563295765784694
78.22146209579631 4.3530965958124845
77.77014151547007 4.113658724293387
77.4916783637048 3.8958746760113954
77.197019104372 3.687224469567205
76.99113882604999 3.4593223169819183
76.66738300607517 3.2685424912335854
76.24688486045574 3.055953294788388
75.90899454537961 2.82769793682559
75.6461139854942 2.6907089947261156
75.46704494633127 2.532566417495808
75.28050843893828 2.3797340986559057
75.06889309822438 2.1352815727278767
74.73451472546202 1.8365453734117523
74.20197974932594 1.712430356293904
73.35155917557725 1.597015384193739
72.60267830501195 1.5428338511209816
72.1818167246731 1.4857062467180313
71.51053171990856 1.3723841151646852
70.85028454260103 1.298288894249204
70.11348912561672 1.2059680625172362
69.22109201072763 1.112962965710782
68.7351302977639 1.074348676543785
68.07304984364833 1.0669090692580738
67.0280666492294 0.9674742431978913
66.85831967677751 0.8176697180536046
66.674624337203 0.7032094965136082
66.5965401349064 0.5468704605749721
66.43435725160762 0.4085526591430195
66.29104551369633 0.24508507623155396
66.07297984260916 0.0990388731124554
65.92615297710233 23.971547011124947
65.69258293840034 23.885208391748623
65.48144886982985 23.773629053299732
65.33627325149311 23.67830291796716
65.17857131892944 23.60955968816204
64.9113882676852 23.512713808446858
64.57796632226507 23.426783276371317
64.3062453438811 23.355165146878683
63.93478291285183 23.254828258881158
63.57321311643051 23.15434795514129
63.1956436577272 23.076749127772032
62.82390878503739 22.998295753170986
62.43800660023771 22.88181438001582
62.015189245513795 22.75033986509437
61.73928603262945 22.662432199005387
61.49909945367432 22.552984060981917
61.340479678129725 22.437850450471313
61.02498657931224 22.300853318143112
60.83621555394694 22.173865894722272
60.66105720501238 22.08219737485457
60.53077530881356 22.005525433360702
60.63249938378203 21.916281857143122
60.65795180886562 21.801462858263307
60.69050341730548 21.68975753026917
60.73113849053786 21.5811482914856
60.8511745194385 21.50198197716138
60.93538830992043 21.440729996932518
61.13711893981289 21.36264672154577
61.26942389787587 21.28943146485264
61.39478427782737 21.24509424885022
61.70714440919767 21.18309448328474
62.10064802942816 21.15856602789308
63.28787485093616 20.992758471258938
63.34686241520322 20.923659928455457
63.62261770477073 20.86278290934547
63.66092001537473 20.77680786864841
63.575527035424074 20.72563140620737
63.400942326973365 20.654706300954285
63.13251747125054 20.60464531884007
62.849579333492045 20.543176228980194
62.63658648170838 20.480696443246075
62.498071704397546 20.417912618704325
62.376401123561266 20.365354344596426
62.10701877046145 20.300686383130863
61.78817801385159 20.26577161987451
61.455103241401076 20.21928646095943
61.11629132798734 20.17173663372554
60.78399256798974 20.144982595752033
60.35447994802951 20.10515270123004
60.00433853497199 20.076986049299098
59.46929772505695 20.04497963727039
58.82226636636585 20.01025585148883
58.24380605514264 19.976203318290054
57.73746719100211 19.93129613492219
57.02909555818124 19.91733594610988
56.399580334539706 19.905106191850486
55.74889175412605 19.89263431731307
54.97269395090203 19.890379045629203
54.41752788296219 19.905212759866455
53.597492137127944 19.903333657409146
50.54502399648911 19.877937426639683
51.0244909518523 19.846290405757532
51.60577220895658 19.791063200716824
51.94660053123937 19.74548111904618
52.445278461003085 19.72913777099837
52.79513751125853 19.684835259065757
53.4039862657886 19.64646749196835
54.25456759603202 19.61447990145372
55.32084860067184 19.58931952129392
56.008760299632684 19.58153646390052
56.459781409497566 19.568625216712647
57.016858997462634 19.54709787231303
57.5567659452652 19.53805867641635
58.02067521378572 19.480119573070603
58.367434739614424 19.443318223104903
58.4764750991325 19.351197845988317
58.6577975122411 19.297159346073062
58.769136792343915 19.228103995239096
58.87308615390239 19.170455427673417
58.836376415531134 19.081228272512927
58.76381507738665 19.01427358115467
58.69998007255805 18.946457113203557
58.36479072697347 18.851647558093376
58.21244750606428 18.77643335257579
58.42352996052787 18.70269360142194
58.71496744888998 18.646178839900696
59.157027922787734 18.582862490279968
59.782064403783494 18.57404325409992
60.26938474632627 18.602393115676122
60.70219727286232 18.64253487496581
61.15990330666395 18.670700319760364
62.22889999228744 18.699253837720804
62.423220980934644 18.643523456776965
62.66655427250279 18.576415300784024
62.79597448927365 18.513846852976
62.88907839206695 18.46199962443986
63.03329151608361 18.398201514572506
63.103788124717596 18.3265969205959
63.0838431538501 18.277236450395257
62.9658190049 18.168836016873417
63.247622413926536 18.076366560703708
63.57225562813309 18.00318366857366
64.04422900198352 17.925997814672826
64.4322332278081 17.894763189239
64.87679759471305 17.852220915961805
65.24563463755038 17.801147669612714
65.82541567365436 17.758204790207017
66.3915118551997 17.695178004592318
66.82989096853234 17.634726867136248
67.21004713475583 17.586682275163326
67.72034005395551 17.51579730640446
68.36354988334341 17.469936006789816
69.71350939343185 17.352286761990683
70.21327593148916 17.337945041980888
70.74056961006602 17.364674444875895
71.13495345404442 17.39036601905212
71.5836783367254 17.4701671729836
72.59619327303798 17.411568417886734
72.97001362402216 17.423654779421906
73.46654353617038 17.422406812931985
73.95396682104675 17.425517050228706
74.36634252245932 17.440035975486932
@51.57747559944164 10.013782544254326
51.65951783681288 10.007780280878075
51.76796353566516 10.009700482253216
51.89428178768492 10.01194821950208
51.98194481134081 10.015384404831941
52.069486071259064 10.018827276260911
52.15446004258567 10.024104857357832
52.257231256288804 10.029718187872986
52.336978621774875 10.038675860453365
52.4523005324493 10.048308148364898
52.5494874470331 10.057628747881623
52.610813748253804 10.066296495707736
52.70508077195703 10.077481512675249
52.80414875119811 10.085015009253388
52.9409951405284 10.091408250722786
53.100297046069954 10.094484697057018
53.223947517382186 10.09688758699825
53.36499313991769 10.099644633565092
53.50318287033943 10.10425933515621
53.64106876692912 10.10889002236625
53.76373169247145 10.111336477342894
53.860917743234836 10.118994656094712
53.9727313082802 10.128874966533132
54.02938238644202 10.139560804031442
54.09272481560478 10.158029400386225
54.16105076638706 10.172809577765108
54.197114657642146 10.185022223865833
54.23304220848351 10.197241310696862
54.23691251125558 10.206875130797988
54.22071474746801 10.217989973001176
54.18714911716518 10.228727528018574
54.16537767764902 10.243530065703716
54.146236172455616 10.256474609256031
54.12976130705411 10.267564199722026
54.104931753738924 10.284188610057493
54.03301150394876 10.284515928224987
53.9665466793293 10.281155771122581
53.87990906869774 10.279266856047329
53.77579483000392 10.277006837012468
53.71817977205234 10.279560779257132
53.666893770122925 10.289846347215004
53.66768341711514 10.301257016026593
53.73501915616512 10.316028545011047
53.7674580850225 10.330047289796024
53.73610894871746 10.338852455060067
53.6438269548446 10.340601441153998
53.539685567979916 10.338297493128682
53.43538158782346 10.336000935211516
53.29605686282994 10.332950298119956
53.10401412138671 10.328776891851312
52.9612304268835 10.327583109344943
52.820939701946315 10.32457409627568
52.67483697458502 10.32522174926207
52.54332695575431 10.328066735006749
52.40885644376104 10.332727518535634
52.294623214747844 10.335939594981179
52.16254928836943 10.338776797091265
52.08620062060109 10.340915149033384
52.02475210151826 10.345235068443614
51.91556154168018 10.34481729330194
51.821234428610694 10.346581929229913
51.69121305157432 10.347606857955848
51.584326043441706 10.345393411797534
51.477278264947785 10.343186943485582
51.352186162839274 10.340621512183894
51.26543607146618 10.336994018919617
51.201948797863395 10.330136607262808
51.1464967981733 10.317886687198326
51.091728243969385 10.292686203911556
51.10780649215917 10.281880253591714
51.14448101103383 10.269621901071611
51.199071105475866 10.257707368979336
51.248294617621355 10.249390966472262
51.33606871056867 10.239964113948457
51.36721790887333 10.231280369018279
51.41892271213757 10.221132422530612
51.46795355673282 10.212784809742569
51.50418952423442 10.20046128523177
51.54034794393303 10.188128694072171
51.57384627456423 10.177599863628625
51.615001166124244 10.161622355052433
51.66632932282246 10.15141757440308
51.68165620109917 10.14052391371027
51.69945771982208 10.127809360606062
51.69665850844993 10.116570493132247
51.67326342927478 10.106813714681863
51.63176848010713 10.096727054622255
51.59265386512874 10.08482978889626
51.55340374795392 10.07293918661475
51.4959374162967 10.060728784289896
51.422632440225016 10.046389275232553
51.41915732282061 10.035169100970784
51.45428001395322 10.022772171257174
51.57747559944164 10.013782544254326
@49.98967856414504 12.29922719494215
49.98579107009155 12.199092924133785
49.981808927483485 12.098984293052755
49.98149849103467 12.08460594113014
50.10359252651304 12.07323492967314
50.253400691677115 12.056720155348373
50.36155674455148 12.042378850559965
50.49418426889403 12.03243427486177
50.626635420502794 12.022475708693745
50.80016963118021 12.010284852190019
50.973398029116055 11.99807277621964
51.13795849926137 11.989178025409773
51.351608165153834 11.974699680554016
51.52385881897874 11.962424876095717
51.7041367197053 11.946770028618195
51.79415269935794 11.938929410544528
51.95731686108826 11.9299577677362
52.152559884425216 11.922100952398393
52.4035533388969 11.919880333069909
52.5572910877429 11.914273996261887
52.7107526789664 11.908666136346865
53.01684965579389 11.897445741379208
53.19304879274185 11.896382486708706
53.42399545038094 11.901048904708798
53.61407331246605 11.908007206101873
53.72366472547296 11.919485411603137
53.832883200999845 11.93098505991921
53.933307905317804 11.945913144886239
54.07892829094652 11.97004562784225
54.13864147256322 11.987232215607918
54.30522967809205 12.016029497454683
54.45153037637709 12.025466460062537
54.605890658934015 12.031533375946667
54.78190004150602 12.04225632301828
54.93993877483422 12.059834244234192
55.04483312900243 12.071579531511391
55.11028770678283 12.11178391094514
54.87984236335143 12.10986502134266
54.66178821829456 12.115991945801177
54.42575719870072 12.128880331771771
54.26806262923799 12.137460722793664
54.15430540007742 12.155211789243301
54.07992992612165 12.17079257330185
53.987980990088374 12.193052575194033
53.7507825508647 12.231621611858577
53.548217237529116 12.256706461336686
53.3893446412647 12.265104418915977
53.23900622546719 12.270175787707597
52.963909027628006 12.270385748702465
52.75903692640816 12.269745686052609
52.52212847517063 12.267931695670978
52.25279125692546 12.264964076116224
51.94183221451428 12.264161578992491
51.72497942939387 12.266950537347633
51.33012661813359 12.270468489350291
51.102745322315116 12.27658685485034
50.91568470697956 12.280600185803658
50.784049580183904 12.290203953571877
50.617298949981006 12.312843321946334
50.52371202205572 12.334485000883529
50.39163591323597 12.344017590715376
50.24184022704597 12.360027176866728
49.992592325569234 12.367496362241413
49.98967856414504 12.29922719494215
@