74.69456386951441 17.053936237318254
75.00116789934665 17.003570287846415
75.28904938770825 16.934658540499036
75.60675502111553 16.883812661013717
75.8844135790911 16.7929329315309
76.12073330981718 16.72635974237084
76.45567626857036 16.67343942258941
76.72298344240346 16.626706961781544
77.08685616679097 16.596808653819345
77.35919479744453 16.649825559480103
77.76330911871563 16.572182140060683
78.17609436341917 16.49323682037183
78.58316128409075 16.385781934747477
79.0403256406714 16.359450419569658
79.4995679545417 16.33729496169929
80.1449006135247 16.533492957285915
80.43456106052372 16.405679798346814
80.71821567923143 16.20084088387417
80.65954282710061 15.95514590076861
80.57521819215665 15.738949741789005
80.47888098313126 15.55589281273641
80.3298005864697 15.33408060167268
80.06404227309153 15.244749493544557
79.74949675323808 15.12414973067679
79.22735481001953 15.118416793100536
78.78822624575804 15.105236247016661
78.02202677040881 15.03224697019743
77.45690836544193 14.972789651294766
77.14084055758198 14.871943158301853
76.76826363841775 14.699680232951637
76.28311549038915 14.50327617936194
76.17640648198557 14.305164379645538
76.30065481169882 14.137432296070777
76.76875335044474 13.976385455652077
77.06372960338643 13.748743116347587
77.34509613596413 13.565638502762468
77.52748200639422 13.40164151339601
77.76655380203852 13.027645065065341
78.09743950841508 12.786243866158042
78.52133229513134 12.563443938094656
78.8470536670961 12.363121701080946
79.1311070338725 12.08573763643909
79.18698829175742 11.804541284311533
79.20952124839425 11.517030107397268
79.207791136877 11.111586463973696
79.69838471581127 10.793482223138858
79.94900797413081 10.480180870553108
80.30879370994694 10.174319255799753
80.63420539876842 9.851344869773321
81.06913162443036 9.527175460348278
81.2765304634402 9.22866301806789
81.63172307644138 8.865644941359415
81.78642703856138 8.475924594961732
81.88586899536242 8.076187438966134
81.92767293734178 7.6706813979014195
81.90218176180846 7.196660774051177
81.69008173625227 6.876293164956731
81.56084296827763 6.486273551192127
81.4120610815825 6.170103586534939
81.09099417154016 5.88783276099063
80.69680358506616 5.563575811805254
80.2667426927448 5.2594342933328555
79.86244518374613 5.0252981744221366
79.3161006127184 4.707650611091147
78.92696631262666 4.429168746118485
78.58241455366615 4.208793098627854
78.22167276045329 3.9986263064944367
77.77017316862771 3.7592314278601364
77.4915245749429 3.5414803997147786
77.19668879278572 3.3328672381547406
76.99060268165286 3.1050021766694798
76.66669297403007 2.9142654276031124
76.24603242651051 2.701729536211488
75.90796292322077 2.473527214058265
75.644984910273 2.336573838323467
75.46579687488932 2.1784667574925933
75.27915240327371 2.0256697396022503
75.06736917433366 1.7812699841230355
74.73281402505893 1.48260017240462
74.20025040004077 1.3585257594451008
73.34984589796483 1.2431573698685305
72.60101488052209 1.1890063637939825
72.18016928510963 1.1318984666993614
71.50890414836016 1.0186080384673133
70.84870391266745 0.9445366020137946
70.11196435035953 0.8522401600187237
69.21965581762092 0.7592586257340876
68.73375325621262 0.7206546592660139
68.07178017213832 0.7132258867013057
67.02693907267044 0.6138075748174323
66.85714942688122 0.46400364631379176
66.67342472869834 0.34954156709387973
66.59525331357446 0.19319545434003516
66.4329950547882 0.05486869344102274
66.28956142945532 23.89138720988077
66.07137747747069 23.7453252328653
65.92441717677158 23.617818144235088
65.69076383967968 23.53146623720215
65.4794892093721 23.419869963954802
65.33417177379977 23.324529489052182
65.17636332337759 23.25577440789865
64.90901727912205 23.158910143094896
64.57543839802756 23.072959825932152
64.30356926652411 23.001324900134634
63.931872049591504 22.90096439018874
63.570034844695186 22.80046080218074
63.19223268106231 22.72284008680255
62.82023731254762 22.644365128360114
62.43391916014784 22.527860493500746
62.0105839112895 22.396363547114518
61.73430777395029 22.308443632202213
61.49365408365949 22.19898886608762
61.3345498506209 22.083857784786808
61.01842432104755 21.946863544824858
60.829091765577175 21.819891051405243
60.653510739950804 21.728235428718232
60.52288275276686 21.65157786036123
60.62433392807574 21.562366964068225
60.649408515539534 21.44758887747156
60.68162454242824 21.335928104504177
60.721967890783816 21.22736639958319
60.841865278465264 21.14824078167366
60.92598029030222 21.087020848868253
61.1276605608617 21.008983258663505
61.259902182171686 20.935809285578124
61.38526112126806 20.891499070773826
61.697716067307994 20.82954210134121
62.091426896141655 20.8050399206603
63.27918421750903 20.639354303476523
63.33815687226422 20.570291898163205
63.61404115538943 20.509453071336807
63.652336553316644 20.42352187046367
63.5668848020766 20.372368883960696
63.392195537846476 20.301475441505815
63.123616369624784 20.251434070347898
62.840523743116734 20.18999084847194
62.627428951995824 20.12753944033919
62.488869175047455 20.06478577672737
62.367165998274345 20.012252738144536
62.097680117175685 19.94761429323807
61.778679795204624 19.912713539589852
61.445454908349944 19.86624867124581
61.10649735004537 19.81872010472635
60.77402886708089 19.791977050284217
60.34430887446078 19.752164631708993
59.99399339661875 19.724010422114485
59.45866689586086 19.69201792249565
58.81128292585299 19.657309839477534
58.23251708534369 19.623273810231005
57.72595759695139 19.57838980411901
57.01713929413043 19.564436731055018
56.38722138003865 19.552213810165455
55.73611126611908 19.539749483824444
54.95935679911949 19.537496715191644
54.403720311641365 19.55232280034891
53.58306775828635 19.550446624607787
50.528288945806906 19.5250775786076
51.0083133164251 19.493448727831776
51.59034403688062 19.438252444193225
51.93167338085533 19.392694910909395
52.430805747151055 19.376357549714164
52.781147674471896 19.332076637657902
53.39061829105904 19.293724267024338
54.24193004783237 19.261746167244876
55.30901782936908 19.236590005805528
55.997394327297 19.22880590802423
56.448747167396306 19.215897393943955
57.006248159834314 19.194375623373258
57.54650738189713 19.185336940282067
58.01090863639874 19.12741738424968
58.35800190451914 19.090627262452116
58.467464317836374 18.998536954965687
58.64909509768091 18.944513691873908
58.760768486767574 18.875476900748005
58.86500233161419 18.817842295987273
58.82864796347616 18.728635697968166
58.75634023886545 18.661694819165263
58.69277141835536 18.593890559669905
58.35787222902172 18.499097186310813
58.205812097917345 18.42389251480904
58.41729473960481 18.350157248278276
58.70907251443748 18.293643772400273
59.151536415744374 18.230327023421438
59.776788864381615 18.221504018895335
60.26413555010717 18.249849789764344
60.69691860569375 18.2899869280961
61.1546552342144 18.31814800101764
62.223873248100574 18.346694087972057
62.418445941933896 18.290966885380254
62.66207864591365 18.223861423015112
62.791746109923565 18.161294772237454
62.885048567255666 18.10944829120863
63.02950979413677 18.045650069353414
63.10025924213895 17.974044356722334
63.08047211609579 17.924682489384033
62.96277881120375 17.816276874206025
63.24493124152062 17.72380031315688
63.56984760760491 17.65061068011308
64.0421270708909 17.57341701533523
64.43027910751815 17.54217941399509
64.87502615480739 17.499633070248038
65.24405222053551 17.44855450816156
65.82401949330995 17.405608279847044
66.39034193545027 17.342575685917478
66.82891582414035 17.28211845724188
67.20922338506472 17.23406928796316
67.7197243372483 17.16317727233716
68.36308803630297 17.117314843827604
69.71338450720452 16.999662619885427
70.21321072333001 16.985326271130837
70.74048943349925 17.01206955160351
71.13485306984364 17.03777287249156
71.58346704142988 17.117595647066686
72.59615293666857 17.059011005806106
72.96997761467489 17.07110892340704
73.46654117414403 17.069874712768947
73.9539897678236 17.073000373977063
74.36636835526087 17.087535111035642
@51.577255123888165 9.66040920735947
51.659322807323576 9.654407516268808
51.767785780305445 9.656326254704927
51.8941240643494 9.658572283607018
51.98179790327896 9.662006865471122
52.06934994568297 9.665448134233472
52.15433129596249 9.670723732325511
52.25711271389366 9.676334838120203
52.3368608436987 9.685289770702335
52.4521892561101 9.694918836406746
52.54937997636773 9.7042364608679
52.61070460086674 9.71290172025084
52.70497249853753 9.724083388818524
52.80404779662322 9.731614303000592
52.94091021200646 9.738004866975615
53.10023699100367 9.74107915661106
53.22390666457281 9.743480368476579
53.364974079339646 9.74623549667812
53.50318242175399 9.750847906124166
53.64108681473678 9.75547630372397
53.763768429088486 9.757921081965478
53.86096155160851 9.765576713724586
53.97278196659147 9.775453874095739
54.0294291798356 9.786136911041623
54.0927592404409 9.80460099023157
54.16107889267292 9.819377394636685
54.197134212818185 9.831587109002847
54.233053416937 9.843803264003348
54.236912907030955 9.85343498667774
54.220699103680914 9.864547583275916
54.187114879140665 9.87528311383987
54.165322502631824 9.890082636166712
54.146162915022046 9.903024531809164
54.12967272747085 9.914111845820662
54.10482049857589 9.930732830070545
54.03288658756 9.931060653683122
53.966413071923284 9.92770176683694
53.87976140907409 9.925813961897784
53.77563022402117 9.92355527530415
53.71800157500488 9.926109111700576
53.66669471613673 9.936392800257778
53.66747224208078 9.94780092129051
53.73480511839719 9.962568639129447
53.76723573982517 9.976584012786878
53.735871768816224 9.985387447791013
53.64357050877476 9.987136728804018
53.53941161545208 9.984834070487203
53.43509003599689 9.98253880254246
53.29574170021664 9.979489885734477
53.10366622178597 9.975318845241441
52.96085606426206 9.974126384373946
52.82054114679258 9.971119090304711
52.67440909743419 9.97176765712269
52.542870149559974 9.97461293098507
52.40836806916542 9.979273586260684
52.29410870898113 9.98248571665729
52.16200537298687 9.98532317555816
52.08563912126945 9.987461552300891
52.02417369851614 9.991780870095537
51.91496150956792 9.99136394467326
51.82061341565259 9.99312880296656
51.69056448614492 9.994154367732788
51.58365795405288 9.991942176801135
51.47659055231685 9.98973696307652
51.35147543053 9.987172994576646
51.264711319749466 9.98354696635188
51.20121835835462 9.976691654540081
51.14576841938646 9.964445101730952
51.0910173104005 9.939251148017947
51.107111589181926 9.928447717590288
51.14380833377436 9.916192082691007
51.198424142618364 9.904280040980321
51.24766799111072 9.895965284567515
51.335471736524255 9.886540045786369
51.36663822328313 9.877858147721998
51.418366460216134 9.867712231950629
51.467417983643884 9.859366228723992
51.50367737474994 9.847045346458623
51.539859441227776 9.834715385650231
51.57337866081659 9.824188767747442
51.61456363839474 9.808214674346539
51.665916146732314 9.79801185331866
51.6812614024858 9.787120601381252
51.69908459599503 9.774408848684644
51.69630114686598 9.763172606108114
51.672915855017294 9.753418283651182
51.63142785802427 9.743334312411232
51.59232362502715 9.731440131064371
51.55308414485299 9.719552610996018
51.49562572327997 9.707345526453885
51.42232932554475 9.693009967000211
51.418871615919585 9.681792388824348
51.454021268139485 9.66939795550794
51.577255123888165 9.66040920735947
@49.9916823784574 11.999312803580468
49.987884264424935 11.89916506865783
49.98393900159044 11.799042181824358
49.98166803369685 11.730762824152244
50.10336785067179 11.719429594288993
50.25316540663772 11.702917156379824
50.36131049614215 11.688577852967121
50.493937277687394 11.678634834727067
50.626388067143154 11.668677840878798
50.7999237281436 11.656488957770176
50.973154165393765 11.644278876333464
51.13772109573472 11.635385694260018
51.351375639631954 11.620909776221403
51.523630060441604 11.608637023533314
51.70390877840859 11.592984708168022
51.793925455202924 11.585145366917573
51.95709825280116 11.57617535668714
52.15235580560929 11.568320121098777
52.40337833953254 11.566100493348792
52.557128736989 11.560495331638615
52.71060314821119 11.554888649467662
53.016726263072286 11.543670617023768
53.1929470067995 11.542608008348562
53.42392890230741 11.547274482547873
53.61403913116203 11.554232442162123
53.72365748306882 11.56570950454737
53.83290276383664 11.577208035849932
53.933356923996826 11.592134581813564
54.079022707559574 11.616264613175757
54.138762796436254 11.633449370641756
54.30540412310336 11.662243933324744
54.451732999837475 11.671680374071764
54.606118385880336 11.677747193847521
54.78216052981227 11.688469645321197
54.94023743830104 11.706046322465665
55.045157076185404 11.71779081489398
55.11066491457737 11.757991473336212
54.88019191899056 11.756071816058983
54.66212106932406 11.76219725413272
54.42608001431739 11.77508343659921
54.26837912461741 11.783662369168766
54.15463225820267 11.801411298864247
54.08026904690155 11.816990341099718
53.988339790007245 11.839247965356524
53.751169701220135 11.87781271099067
53.548619873456346 11.90289467273509
53.38974434281417 11.911291307673217
53.23939932853145 11.916361662823103
52.964277205975435 11.916570504191775
52.75938546059959 11.915929688365667
52.52245273539168 11.914114932705305
52.2530865562986 11.911146543640559
51.94209823436498 11.910342978062557
51.72523053357648 11.913130934667786
51.33034864085147 11.916647230887957
51.10295784982716 11.92276432945491
50.91588803960818 11.926776716182923
50.78425838754097 11.936379279587422
50.61753383077229 11.959016335963067
50.523978170020655 11.98065609468656
50.39190917158467 11.990187575254273
50.24213166406139 12.006195565147669
49.99241166267137 12.013677521582832
49.9916823784574 11.999312803580468
@