74.6942711581222 17.55535809849793
75.00060275783687 17.5049794959277
75.2881465410205 17.436065033627333
75.60559949030718 17.38520288827219
75.88286027568518 17.29433192341013
76.11889794104749 17.22776069243539
76.45361442640893 17.174818665481673
76.72073186964141 17.128069685908386
77.08447767794652 17.09812588494913
77.35699180279136 17.151061565617624
77.76081620413075 17.073384412965254
78.17332410054013 16.994399601751795
78.58004022635282 16.88691977859477
79.0371244057379 16.860490655642362
79.49630487676549 16.83822324352961
80.1422379832926 17.034095405364294
80.43151720280903 16.906263139128008
80.71459591685553 16.70146186229578
80.65526263744911 16.455976613632966
80.57039305417396 16.239990460953564
80.47362236620128 16.057127877738203
80.32405287061766 15.835568749765573
80.0580923158557 15.746406257422986
79.74328983905187 15.626014030229692
79.2210934371407 15.620430257279628
78.78190454734064 15.607372459584184
78.01551336920653 15.534623149090775
77.45024956856622 15.475333581405847
77.13399654249145 15.37463719133622
76.76114764384238 15.202594053773417
76.27573624455394 15.006441667315638
76.1688373930906 14.80851599187479
76.2929692535215 14.640905330964383
76.76098702631802 14.479919259941587
77.05586794159345 14.252412742240558
77.33717873746821 14.069405933941823
77.51952937624489 13.905503515150404
77.75857361377192 13.531734027949456
78.08945031833903 13.290445828577642
78.51332566490242 13.067732243439817
78.83903728683808 12.86749360284046
79.12310151405757 12.590241524924188
79.17903575186335 12.30919244982515
79.20163384590833 12.021822146086885
79.20000127983329 11.616558620772395
79.69057109803575 11.298597115201524
79.94121576558587 10.985445170506107
80.30101017925631 10.679753567191929
80.62645734132195 10.356977282451204
81.06143903042283 10.033055754689316
81.26893793216954 9.734759674422977
81.62429995904424 9.372061998415465
81.77924921146132 8.98264561484637
81.87900699707077 8.583213270184528
81.92119866297426 8.177997987681747
81.89624623273144 7.704278722347572
81.68451269845764 7.384010262930529
81.55582628939615 6.994158183938104
81.40753470626527 6.6780872137169105
81.08687114532287 6.395805424484696
80.69318039213772 6.0715158808358325
80.2636114431813 5.767310869641541
79.85969428092616 5.5330947839788465
79.31391895842174 5.21533416045488
78.92537464237881 4.936769302070378
78.58130436621431 4.716307751811527
78.2210316845441 4.506042830842791
77.77007521232471 4.266517625182278
77.49198922948372 4.048666511220102
77.19768901888938 3.8399410421021294
76.99222739651574 3.6119635354567166
76.66878461882612 3.42109615488382
76.24861685539872 3.2083985951885516
75.91109105534989 2.980035418626244
75.64840875443102 2.842974161021253
75.46958177968466 2.684759413994101
75.28326489898114 2.5318553168570226
75.07199107230005 2.287295488168553
74.7379723014605 1.9884242809288573
74.20549565722567 1.8642266704514228
73.355042486515 1.7487169379138265
72.60606029772524 1.6944733026632584
72.18516624620949 1.6373056107224109
71.5138408910413 1.523918992445683
70.85349829938042 1.4497753910412676
70.11658934359573 1.3574049490693412
69.22401214151864 1.264351924757058
68.73793016675617 1.2257166385285103
68.07563140857152 1.218254991719249
67.03035930845783 1.1187865759363547
66.86069910282305 0.9689808382826612
66.6770634548059 0.8545243950495518
66.59915657214819 0.6981997529723429
66.43712693625264 0.5599001738748512
66.29406300881774 0.3964608638952889
66.07623780853771 0.25044674376054843
65.92968222393858 0.12298585329902068
65.69628152461851 0.03667426039535826
65.48543321511707 23.925129368934908
65.34054591050918 23.82983240358134
65.18306052214876 23.761113281989132
64.91620881907448 23.66430480212668
64.58310589343262 23.578414517533297
64.31168608131168 23.506830557303417
63.94070092369722 23.406541727168953
63.579674715912034 23.306108798325802
63.20257827884697 23.228554504756772
62.83137291866811 23.150145048639175
62.44631631379991 23.033711020505837
62.024551741263025 22.902282171963286
61.74940661883011 22.814399450197538
61.5101696347227 22.704964831300707
61.35253476123077 22.58982611293471
61.03832735665668 22.452823141674173
60.850697942849735 22.325805381698796
60.6763989003897 22.234110647936685
60.54682062149183 22.157409482466004
60.6490996339065 22.068099428256453
60.67532032318806 21.953197199850905
60.70855428041824 21.84140122117136
60.74978252746831 21.732695261882405
60.870100504174815 21.653446132634983
60.95451516715127 21.592128935299304
61.15634826188173 21.51395268582828
61.28878202549666 21.440653410737205
61.414145363142666 21.396261242063076
61.726312794857904 21.33417437711335
62.11939523380448 21.309592447346915
63.30554359829361 21.143536720981757
63.364561397584 21.074364629803565
63.64005438691544 21.01340988297861
63.67837061757612 20.92734561834014
63.59309702019121 20.87612137589819
63.418724716746055 20.80513182753701
63.150613439940685 20.755030929001208
62.867989198057785 20.693509188332097
62.65520340117439 20.63097164589545
62.51677991800568 20.568126437500915
62.395175434983685 20.515516804571988
62.1260033088102 20.45078877025005
61.80748676878636 20.415845490745347
61.474716945870995 20.36931903384857
61.13620087487459 20.32172593488693
60.804246967485255 20.294949538947318
60.37515564934196 20.25508407303885
60.025367877017175 20.226892094546308
59.49090753748078 20.19485736031421
58.844592604540736 20.16010160664932
58.266752998802644 20.126015477202795
57.76086219143136 20.08106112162948
57.05339813110362 20.067086435853504
56.42470108162931 20.0548427611593
55.77486892013786 20.042355511118785
54.999802133968245 20.040095125782845
54.4455919625664 20.05494434837059
53.626809320263504 20.053059269474957
50.57903454389066 20.027607647007283
51.057368925629504 19.99592366692652
51.63712718385969 19.940633564638286
51.976937234518715 19.8950015501417
52.4746918784179 19.878646037331233
52.8235695043021 19.83429959639951
53.43115456585102 19.795900530351336
54.28025170006529 19.76389366357526
55.34489340812192 19.738724738759636
56.03186070345103 19.73094382062184
56.482207699135586 19.718027030218487
57.038424820624186 19.696488369302692
57.577615917951306 19.68744814909309
58.04052505500687 19.629469311780554
58.386606156947465 19.592645143362414
58.49478823596698 19.50046363590268
58.675483672488326 19.446394170217996
58.78614356819239 19.377301102228852
58.88951447491806 19.31962416549038
58.852082030151536 19.23035524493249
58.77900491236551 19.16337249746618
58.714628592559166 19.095531239993324
58.37884903496101 19.000688829895534
58.22593012448064 18.92545528489517
58.4361990437055 18.85170647230178
58.7269448363609 18.79518914452966
59.16818531692718 18.73187366345061
59.79278300485427 18.723062108651263
60.28005001154017 18.751420277243728
60.71292265854859 18.79157141334329
61.17056669920166 18.819745738580103
62.23911384700929 18.848314372204555
62.432923123023244 18.792577569209065
62.67564772573891 18.725463986337633
62.804565282048856 18.662891930221623
62.897265520735004 18.61104321991903
63.04097426595084 18.54724538583322
63.110956852953535 18.475643119340024
63.09069097245984 18.426285525614052
62.971994196598985 18.317895705878065
63.253088149788994 18.225440767602183
63.577145830316795 18.152271638711383
64.04849707551841 18.075101726968846
64.4362009025622 18.043873178661745
64.88039399522464 18.0013392161487
65.24884685760941 17.95027681688979
65.82824940337642 17.90734078176963
66.39388573111285 17.844325853378436
66.8318689747604 17.783887144268267
67.211717443443 17.735851893260016
67.72158755094486 17.664981301295335
68.364484667964 17.619122331754923
69.7137593468976 17.501479228826156
70.21340460199147 17.48712660306317
70.74072871694369 17.51382778296491
71.1351536419906 17.539495465138092
71.58410397171528 17.619252619903882
72.59627141931381 17.56062522071843
72.97008297326673 17.572688085995466
73.46654448698234 17.57141216132819
73.95391631840221 17.574491046598975
74.36628614207143 17.58897782278963
@51.577923536510184 10.164498402030468
51.65991403293961 10.158494975646137
51.76832461482303 10.160418152138313
51.894602143194874 10.1626693635719
51.98224318281396 10.166108809586309
52.06976252526127 10.169554940071228
52.154721500803106 10.174836553494835
52.257471974938284 10.180454407896613
52.33721779657773 10.189417651862552
52.45252649916182 10.199056491797858
52.54970568634923 10.208383140724495
52.61103540552023 10.217055948376041
52.70530066365242 10.228247773819922
52.804353770218256 10.235786521473223
52.94116758271565 10.242185207582079
53.10041892017861 10.245266039795156
53.224030352933795 10.247672342274388
53.36503167133472 10.250433290022528
53.50318356496484 10.255052652734614
53.64103185961565 10.259687995900709
53.76365679002339 10.262137860652945
53.86082846903571 10.269801218434631
53.97262811485254 10.27968793414146
54.02928705921116 10.290379465995368
54.09265464940913 10.308857246967511
54.160993416721 10.323645095915314
54.19707474296834 10.335863703029023
54.23301927237338 10.34808875107956
54.23691156563814 10.35772683573948
54.2207464204715 10.36884624370692
54.187218602628434 10.379587914777336
54.16548974121679 10.394396583332973
54.14638500891553 10.407346510675525
54.12994130300771 10.418440729695854
54.10515786321855 10.435072106075932
54.033265389846406 10.435398396274742
53.966818234083576 10.432035656153978
53.88020919354514 10.430144483550215
53.776129409075736 10.427881754910729
53.718541986069795 10.430435912158273
53.667298396549654 10.440725301271781
53.6681126945812 10.452141150443966
53.73545426214693 10.466920428822132
53.7679100890785 10.480946028208201
53.736591119459234 10.48975471150519
53.64434829889262 10.49150309764324
53.54024250537492 10.48919652691231
53.435974307261944 10.486897345747222
53.29669758647978 10.483843210331663
53.104721403970814 10.479664993067027
52.961991513591045 10.478468522773717
52.821749975257404 10.475456013957693
52.67570686574567 10.476101808333581
52.54425566704276 10.478946207792982
52.40984934254348 10.483607251646879
52.29566924517121 10.486819218007602
52.16365511586878 10.489655897533614
52.087342200893886 10.491794198793297
52.02592805278812 10.496115341291109
51.916781468705125 10.495695838016134
51.822497014652384 10.497460021487028
51.692531657437854 10.49848365649159
51.58568434359134 10.496267657659953
51.478676461158614 10.494058637969568
51.353631160315274 10.49149023184961
51.266909570309934 10.48785975934102
51.20343385619893 10.480998077728987
51.14797765802561 10.4687413106416
51.09317361616712 10.443527550252073
51.10921926334001 10.432716476193386
51.14584858428489 10.42045259798373
51.200386387917234 10.40853300234886
51.24956854647306 10.400213253005386
51.33728234384674 10.39078311960259
51.36839638492327 10.382095619554981
51.420053535544156 10.371943544229385
51.46904232994751 10.363592658941629
51.505230663163104 10.35126376213934
51.54134099466657 10.338925822896154
51.574796845631624 10.32839249390346
51.61589055346542 10.31240804155828
51.667169190485 10.30219927674657
51.68245869449643 10.291300718520962
51.70021613317408 10.278580471590939
51.697384863932 10.267336267057226
51.6739698758972 10.257574494869928
51.63246078148961 10.247482367593737
51.59332504593746 10.235578830415946
51.55405328944127 10.223681961101526
51.49657086184888 10.21146481268812
51.42324842832946 10.197117272841904
51.4197379060131 10.185891820214525
51.45480576810482 10.173489815090878
51.577923536510184 10.164498402030468
@49.99152533166463 12.49929404469855
49.98772689106153 12.399148605637867
49.98378069496445 12.299027959243698
49.98176535154812 12.236220067046641
50.10404879110874 12.224829197059869
50.25387854229601 12.208309672316085
50.3620568987034 12.19396429836336
50.49468594322204 12.184016555841488
50.627137840976616 12.174054792618769
50.80066911492156 12.16185992348329
50.97389337840647 12.149643791880694
51.138440722841125 12.140745851104734
51.35208048452779 12.126262571551882
51.52432349061257 12.11398359502686
51.704599743289094 12.098323598862335
51.79461431220113 12.09048038454299
51.957760923811605 12.081505421892622
52.15297441360815 12.073645393965515
52.40390874814452 12.071422757589737
52.55762078528798 12.065814031040258
52.711056316227 12.060203775997795
53.01710015952929 12.048978576454312
53.19325536784007 12.04791400762795
53.42413037885703 12.052580310321906
53.614142430044694 12.059539305701213
53.72367906464157 12.071019834723701
53.832843033572544 12.08252175347447
53.93320783998121 12.097452966821585
54.078735909181376 12.121590433216683
54.13839437314354 12.138780741695289
54.30487455730912 12.167583550697064
54.451117959269084 12.177021573448318
54.605427199661705 12.183088683878912
54.781369967695014 12.193812637503386
54.939331075158464 12.211393086937907
55.044174017159264 12.223139989469432
55.10952028394499 12.26335193285451
54.87913116064465 12.26143460521445
54.66111097271002 12.267564552583826
54.42510034605621 12.280457419348904
54.26741861935784 12.289040776103242
54.15364030837219 12.306796186870981
54.079239891564185 12.322380512154535
53.987250929204436 12.344645347800535
53.74999482063194 12.383223108437205
53.54739800302204 12.408313829026818
53.388531364434954 12.41671447608673
53.23820635822656 12.421787906203948
52.963159830746605 12.42200014473026
52.758327665542396 12.421361614287903
52.521468563562564 12.419549180890757
52.2521902238243 12.416583127089385
51.94129070539688 12.415782803572245
51.724468239598224 12.418573799367339
51.32967454440433 12.422095119186848
51.102312544257046 12.428216061131398
50.91527061632152 12.432231312343278
50.78362434831891 12.441837528798406
50.616820685822546 12.464481597327508
50.523170168384695 12.486127179597393
50.39107959255463 12.495662024694079
50.241246930428815 12.511674855941063
49.992514791533694 12.519131399751247
49.99152533166463 12.49929404469855
@