74.6939670566289 17.58479706897824
75.00002637751223 17.534405932408436
75.2872326607565 17.46548890712083
75.60443306500761 17.414610619926925
75.88129634915856 17.32374860979899
76.11705214275634 17.257179479594676
76.45154227764951 17.204215881289404
76.71847009681841 17.157450501572434
77.08208900285717 17.127461320404706
77.35477836052442 17.18031573949622
77.75831298293406 17.10260506789505
78.17054365704922 17.02358099417479
78.57690920172715 16.91607651936176
79.03391307904607 16.889549977946547
79.49303153712768 16.867170816880943
80.13956400666203 17.06271702243228
80.42846222940457 16.93486604965059
80.71096556093062 16.730102964364054
80.65097284194013 16.48482780668347
80.56555923204601 16.26905185502401
80.46835586788882 16.08638369412731
80.31829825432081 15.865077636106886
80.05213597739223 15.776083585602112
79.7370771867607 15.655898682934236
79.21482663470812 15.650463764674905
78.77557768674089 15.63752848442839
78.00899540125647 15.565018777639407
77.4435866247247 15.505896724065385
77.12714881609907 15.405350283684802
76.75402857102105 15.23352672136737
76.26835457672266 15.037625734657537
76.1612663605195 14.839886011633563
76.2852820562085 14.672396675319273
76.75321924771927 14.51147136668341
77.04800511635659 14.284100556084656
77.32926036353143 14.101191469151829
77.51157592465859 13.937383524306734
77.75059288975439 13.563840731191961
78.08146070634368 13.322665404519551
78.50531868668767 13.100038068885757
78.83102061310501 12.89988292290008
79.11509575663527 12.622762650879666
79.17108300047101 12.341860638725414
79.19374622648448 12.054631004724454
79.19221115573185 11.649547343019254
79.68275714987206 11.331728337065151
79.93342312942809 11.018725556489127
80.29322608385289 10.713203661570367
80.6187085205635 10.390625116941683
81.05374538166117 10.06695098232364
81.261344033547 9.768870868732018
81.61687495314834 9.406492981460396
81.77206888894895 9.01738007829288
81.8721417960198 8.618252146993276
81.91472040815884 8.213327362847304
81.89030578794717 7.739909378498771
81.67893828497114 7.419740304104073
81.5508035553359 7.030056018763307
81.40300179714814 6.714084368365555
81.0827413907914 6.4317920482373445
80.6895503160467 6.107470415834179
80.26047327197011 5.803202391825533
79.85693652431007 5.568906702589359
79.31173059425768 5.25103348037565
78.92377639714906 4.97238601205208
78.58018779046691 4.751838844484556
78.22038446358059 4.541476045244842
77.76997146275286 4.301820765529634
77.49244839972815 4.083869790470164
77.19868411542714 3.8750321987416925
76.99384736709922 3.6469424396169714
76.67087192916438 3.4559445304624994
76.25119744205517 3.2430853733661635
75.91421583949159 3.0145614048904363
75.65182956214878 2.8773922737804725
75.47336396264976 2.719069879206419
75.28737496959937 2.566058703804117
75.07661096688949 2.321338793520461
74.74312904114771 2.0222661317362096
74.21073961406302 1.8979452295198769
73.36023801984649 1.7822940267444665
72.6111048083634 1.7279576709274522
72.19016239479905 1.6707301363489897
71.51877696417901 1.5572472584706851
70.85829211683716 1.4830314361481811
70.12121386421049 1.3905869411428284
69.22836808189143 1.2974623759259742
68.74210673266504 1.2587957473303035
68.079482345179 1.2513011996389594
67.03377930620954 1.1517826474314887
66.86424853386185 1.0019751025977826
66.6807019232402 0.8875242984087777
66.60305953393018 0.7312211399530426
66.441258472919 0.5929487568380836
66.2985641619747 0.4295516451502692
66.08109761288222 0.2835854099373947
65.93494663302548 0.15617074953956234
65.70179846998323 0.0698994953516241
65.49137633268592 23.958406024177766
65.34691901585003 23.86315260674071
65.18975656388764 23.794469475966686
64.9233989902526 23.69771683131237
64.59077177308512 23.611886632436963
64.31980104633851 23.540353687854683
63.94952757623224 23.440136616846523
63.589311941999796 23.339774437386502
63.21292079862616 23.26228664976633
62.8425049623402 23.183942789545952
62.4587092459453 23.067579506175573
62.038514546403945 22.936218921941233
61.76449987415455 22.848373507980522
61.52667900498494 22.73895916182564
61.370513009404306 22.62381291063938
61.0582229895239 22.48680133429239
60.87229622187289 22.359738370976977
60.69927875709982 22.268004557236743
60.570749885717646 22.191259798934574
60.67385685977064 22.101850500844343
60.701223635197834 21.986824007617056
60.73547552280209 21.874892657615092
60.777588669307306 21.766042239910398
60.898327366896154 21.686669403513452
60.98304174880573 21.625254780278635
61.18502786946851 21.546939629878093
61.31765383775462 21.47351482849217
61.44302165737258 21.429040555836202
61.75490184349715 21.366823554575888
62.14735631822853 21.342161728915386
63.33189639833927 21.175735217510947
63.39095910028033 21.106453234848082
63.66606075539727 21.04538235865472
63.70439741338879 20.959184782346576
63.61930161447293 20.907889147728607
63.445245699509655 20.836803307946504
63.177601747788486 20.786642760079005
62.89544520052439 20.725042343514545
62.68296773602685 20.66241850070768
62.54467993421619 20.599481578347252
62.42317360574711 20.546795211898257
62.15431439875644 20.481977421302375
61.836280945676776 20.446991526164936
61.50396534206541 20.4004033597547
61.165889856709896 20.352745604048017
60.83444977699932 20.32593579254804
60.405986071667286 20.286017168874523
60.056725136955436 20.25778734038048
59.523129663484326 20.225710271017054
58.87788212593054 20.19090673036267
58.300967152588896 20.15677038653812
57.79574339814866 20.11174554673495
57.08963162379351 20.097749163698573
56.4621535623011 20.085484657708985
55.813597269771975 20.07297440173434
55.040215584930905 20.07070632753794
54.487429874346276 20.085578675142997
53.67051395128746 20.08368461694254
50.629728318448684 20.058150071075808
51.10637520115901 20.02641092208959
51.68386370173394 19.971026930555716
52.0221558625841 19.925320381991185
52.518534971973025 19.908946743108796
52.86594956134476 19.864534745912316
53.47165132903791 19.826089006189267
54.31853683187171 19.794053437093122
55.380735891325884 19.76887184894164
56.06629603289758 19.76109418165806
56.51563838769118 19.748169157169315
57.07057299658996 19.72661365665481
57.60869728207982 19.71757195436401
58.070115015827184 19.659533872616773
58.415184503681104 19.62267569407761
58.522085935283286 19.530403020609647
58.701846134341025 19.476287399681695
58.81149244790936 19.407138117602447
58.91400039957415 19.34941891443021
58.875489518796655 19.260087773602603
58.801642712790624 19.193063245596175
58.736458674102096 19.125185092944953
58.399798069032755 19.030293789500472
58.24602015953178 18.95503150965436
58.455075889771194 18.88126932230059
58.74479035710735 18.824748285783414
59.18480833928902 18.761434241496097
59.808752284349936 18.752634193399206
60.29594029396688 18.781004727537333
60.728903117647405 18.821169804168612
61.18645521515407 18.849357354684983
62.254332977750636 18.87794855269927
62.44737909852566 18.822202270655648
62.6891959476238 18.755080717208795
62.81736382216641 18.692503392185962
62.909462031883066 18.640652566647415
63.05241858538224 18.576855263954567
63.121634565776816 18.50525660158165
63.10089005506913 18.455903387884817
62.9811900756209 18.34752959578943
63.26122621122792 18.255096493194525
63.584425828852574 18.181948037774983
64.05484961213034 18.104802058299644
64.44210567700281 18.073582640986867
64.88574534017766 18.03106116161814
65.25362549521785 17.980015039867823
65.83246388393783 17.937089301922324
66.39741472257288 17.87409217928436
66.83480783942869 17.813672117654104
67.21419762901763 17.76565088570143
67.72343745535477 17.694801861103866
68.365868455998 17.648946453945843
69.71412230597758 17.531312723503113
70.21358678648517 17.516943867902683
70.74095630800468 17.543602931644
71.13544249845972 17.56923495421992
71.5847289706337 17.648926378340565
72.59637835228153 17.59025638258097
72.97017678591146 17.602284198819476
73.46653630704361 17.600966596182722
73.95383139948859 17.603998735242048
74.36619243107808 17.61843755543123
@51.57859086540648 10.196604564812011
51.66050417300684 10.19059940504161
51.76886238496047 10.192527021004825
51.895079181931266 10.194783416599455
51.98268744318443 10.198227727671362
52.070174106312464 10.201678720775055
52.155110731243184 10.20696635017652
52.25783028852163 10.212590954045307
52.337573832633296 10.221562509560894
52.452862861516394 10.231211124331018
52.55003054787804 10.24054679811114
52.61136538742832 10.24922715400393
52.70562804032255 10.260429136512474
52.80465898214777 10.267975718242688
52.94142422002912 10.274382527681043
53.100600139672196 10.277469904235678
53.22415334961147 10.279881298673102
53.365088591744495 10.282648067474812
53.503184059246024 10.28727438472357
53.640976277625725 10.291916674694535
53.763544540334124 10.294371627192877
53.860694798179054 10.302042711428475
53.972473701616195 10.311938982863264
54.02914439955839 10.322639009323494
54.092549554063226 10.341130491228517
54.160907464731025 10.35592978428766
54.19701481817165 10.36815728360972
54.232984693432826 10.380391224205013
54.236909803932406 10.39003567022698
54.2207933314009 10.401161888670535
54.18732193271697 10.41190969924578
54.16565660495843 10.42672751296162
54.14660674381469 10.439685471129375
54.130209532844844 10.45078659445279
54.1054949015963 10.467428361979913
54.0336438616676 10.467753118077681
53.967223057190466 10.46438652419302
53.88065663075909 10.462491983173528
53.77662823681132 10.46022521157092
53.71908203916098 10.462779689007553
53.6679017288362 10.473074777804756
53.66875281359904 10.484498354748958
53.73610309516147 10.499289193858477
53.76858414639665 10.513325018898605
53.737310186484706 10.522138950004367
53.64512580170344 10.523886440410855
53.54107309868874 10.521575956375731
53.436858272378686 10.519272861083351
53.297653153500534 10.516213505824846
53.10577624819541 10.512028110041499
52.96312661296869 10.510827628966112
52.8229584392144 10.507809904070548
52.677004258973284 10.508452924553461
52.54564080269685 10.511296448279229
52.41133022935284 10.515957879348772
52.29722938960049 10.519169680526815
52.16530445960166 10.522005579356668
52.08904487768032 10.52414380437381
52.027682004760976 10.528466770985574
51.91860101529264 10.528044688752322
51.824380195026265 10.529808196463103
51.69449839955351 10.530829900394775
51.58771029073091 10.528610092531977
51.48076191408239 10.526397265729528
51.355786418029 10.523824420633172
51.26910733459525 10.520189502854272
51.20564885080438 10.513321450635432
51.1501863685165 10.50105446846344
51.095329346907675 10.475820900494753
51.11132634611974 10.465002182930508
51.14788822659719 10.452730061826951
51.20234801051981 10.440802912964463
51.251468470135706 10.432478171352848
51.33909231282851 10.42304314451549
51.37015389617517 10.414350043011273
51.4217399480014 10.40419180898278
51.470666003736 10.395836042455182
51.50678326029322 10.383499131934656
51.54282183769496 10.37115321514391
51.57621430376861 10.360613175908266
51.61721671553494 10.344618365874918
51.668421467277284 10.33440365847718
51.6836551994698 10.323497794768997
51.70134685950737 10.310769054609557
51.69846774635633 10.299516888809151
51.675023038378924 10.289747667239439
51.6334928192513 10.279647384076888
51.59432554968146 10.267734491424179
51.55502148477987 10.255828273263695
51.4975150150745 10.243601061187583
51.424166501522905 10.229241541164285
51.42060313938208 10.21800821510767
51.45558918699001 10.205598639960488
51.57859086540648 10.196604564812011
@49.990330656485526 12.499232518217308
49.98647969301598 12.399096115816638
49.98250867341716 12.298984869344123
49.98178185635825 12.26970170643656
50.10472801213635 12.258245805737083
50.254590000275755 12.241719195032875
50.36280165744239 12.227367751434794
50.495432994237376 12.217415284655164
50.62788602943547 12.207448752045028
50.801412952896186 12.195247896699263
50.974631078881345 12.183025714691457
51.139158867307316 12.174123014610673
51.35278388975894 12.159632373040388
51.52501551631221 12.147347172279382
51.705289344490524 12.131679495140963
51.79530182575226 12.123832407638304
51.958422279654116 12.114852491771888
52.15359173543399 12.106987670217212
52.40443789529738 12.104762022716534
52.558111593428436 12.099149730206667
52.711508265107 12.093535901155784
53.01747287805577 12.082303532193494
53.193562566308685 12.081237001330217
53.42433070390945 12.08590312943255
53.614244582008524 12.092863157700437
53.72369949139997 12.10434715092914
53.83278214072047 12.115852454663052
53.93305758036084 12.130788332627962
54.078447913432655 12.154933229674374
54.1380247339072 12.172129086490646
54.30434375056615 12.200940136406274
54.4505016773208 12.2103797382568
54.6047347768108 12.216447136734992
54.78057816962411 12.227172589040533
54.938423467000206 12.244756806607885
55.043189707318504 12.256506116442745
55.10837435948497 12.296729338609614
54.87806909081175 12.294814343660681
54.66009953800133 12.300948802100717
54.42411930270541 12.313848354166458
54.266456713991005 12.322436135739615
54.152646925888746 12.340198026339717
54.078209277355455 12.35578763323302
53.986160573498864 12.378059677965824
53.74881837514462 12.416650450253085
53.54617451713267 12.44174992785605
53.38731674407484 12.450154587366104
53.237011724066775 12.455231093208242
52.96204076212783 12.455446731750342
52.75726815590534 12.454810488926308
52.520482653833454 12.453000380529966
52.25129212793533 12.450036665222898
51.94048138005667 12.44923958699698
51.72370412178668 12.452033623617849
51.32899857565198 12.455559970195825
51.10166533282336 12.461684756553344
50.91465126072691 12.465702873244478
50.78298834916336 12.47531274219484
50.61610553227712 12.497963820162619
50.522360119588484 12.51961522269082
50.39024793882561 12.529153431603222
50.24036008436539 12.545171102326886
49.992721329153085 12.552599029289365
49.990330656485526 12.499232518217308
@