74.69403599420008 17.617914311674056
75.00015614078899 17.56752596540693
75.28743781826569 17.498609499618883
75.60469463989867 17.447734808447727
75.88164671941959 17.356870780958786
76.11746547852658 17.290301168986844
76.45200617920571 17.23734237887114
76.71897635932012 17.190580653365608
77.08262361958973 17.160601602307562
77.35527384535308 17.213474181899187
77.75887320462661 17.135770981292563
78.17116581121081 17.056755660648776
78.57760967227495 16.949256669294215
79.0346315033456 16.922751878937493
79.49376383252027 16.900397669591218
80.14016247255893 17.096016718371317
80.42914580636253 16.968169890700885
80.71177765782559 16.763398223791217
80.65193220041343 16.518076091898433
80.56664006961091 16.30225315545784
80.46953331438544 16.119541545656595
80.31958468240998 15.898178942091707
80.05346743393036 15.809147269511826
79.73846585914504 15.688916059923729
79.21622737985484 15.683447907965235
78.77699182831967 15.670485272050245
78.01045219288554 15.597922058888223
77.44507577385878 15.538762595985425
77.12867921587974 15.438182663658646
76.75561954644914 15.26631005718091
76.27000417034532 15.070352920091125
76.16295822494794 14.872571662165818
76.2869998504616 14.705055225199626
76.75495503130304 14.54411634023473
77.04976211224022 14.316715216734522
77.33102975509908 14.133784301902768
77.51335314074092 13.969955255872131
77.75237617491635 13.596361832646519
78.0832459675978 13.355161296328362
78.50710782189739 13.132514696925465
78.83281190998795 12.932340903457067
79.11688460950066 12.65519119597198
79.17286000723524 12.374256342148858
79.19550868042245 12.08699529407569
79.1939518293429 11.681871465118245
79.68450315229441 11.364020639005552
79.93516437824988 11.05098454983732
80.29496543617725 10.745424760979793
80.62044000821064 10.422802063950812
81.05546456674233 10.099072693327864
81.26304095721264 9.800944357697574
81.61853418401765 9.438495068820421
81.77367349955063 9.049314396832704
81.87367605615225 8.65011848095213
81.91616827517203 8.245128809524212
81.8916335660293 7.771643512792521
81.68018431574606 7.451452211153994
81.55192637603045 7.06173041110376
81.4040152113244 6.745736540221923
81.08366473973211 6.463446535665092
80.69036202872465 6.139132029459027
80.26117507524248 5.834878043636682
79.85755332068709 5.600600109784857
79.3122201513354 5.282752006955445
78.92413408451006 5.004122963997823
78.58043783589716 4.783594902266902
78.22052961380373 4.573253951514619
77.76999514749807 4.333627714000876
77.49234627708532 4.115699032715842
77.19846221293818 3.9068864779615993
76.99348580733971 3.6788217841568205
76.67040590996012 3.48785303178105
76.25062116090075 3.275029976357736
75.91351791821887 3.0465419303051604
75.65106546938117 2.9093969020636408
75.47251909573373 2.751098558976757
75.28645681265888 2.5981113093941417
75.07557885664039 2.353427168975429
74.74197693599584 2.0543995259576455
74.2095680003101 1.930106180621685
73.35907720471641 1.8144865994598334
72.60997772532505 1.760170969358363
72.18904610976796 1.7029568103599715
71.51767409019038 1.5894954470746114
70.85722102021137 1.5152957668848295
70.12018058742916 1.4228678231332026
69.2273948098123 1.3297592476626896
68.7411735372192 1.2910996242687531
68.07862190550537 1.2836124303686205
67.03301515154098 1.1841050836283955
66.86345545879814 1.0342979424257983
66.67988895448187 0.9198458779652654
66.60218746931986 0.7635379180164179
66.44033533896524 0.6252594569127155
66.29755844678468 0.46185291415788043
66.08001176823697 0.31587597695000014
65.93377039185532 0.18845098398938376
65.70056581010033 0.10217071425487845
65.49004846040708 23.990665750224764
65.34549507814319 23.89540259897047
65.18826047913586 23.826711423578836
64.92179251400071 23.72994629856227
64.58905902443087 23.644102669326884
64.3179879729077 23.572558321296558
63.94755551331605 23.472325209312423
63.58715879867219 23.371947213549554
63.21061009976734 23.29444455832085
62.8400178917569 23.21608603301729
62.45594049556621 23.09970693022168
62.03539508824497 22.96833107833179
61.76112787355743 22.880477318234355
61.5229906343867 22.77105843136497
61.36649646975144 22.655913854273507
61.05377808743566 22.518904189700166
60.867470917961015 22.391851321260134
60.69416712845393 22.30012623696458
60.565403800105344 22.22339121880438
60.66832576086318 22.134004103544868
60.69543645236379 22.019005387125823
60.72946089021809 21.90710429930822
60.77137631177331 21.798286177580106
60.89202099063712 21.718940999718413
60.97666839646229 21.65754815966065
61.17862030698663 21.579264066729824
61.311203323008016 21.505867332833542
61.436570133920924 21.46141141880053
61.748514479839656 21.399223516542133
62.14110923204552 21.374579555835393
63.32600861423063 21.20823595256578
63.38506130398807 21.138978542278657
63.66025040364863 21.077933632598302
63.69858253250686 20.991765865420902
63.61344703657633 20.940486194739396
63.439320476422125 20.869421886743293
63.17157215320748 20.81927467771292
62.88931116261878 20.757691854396047
62.676764860781475 20.695087309251704
62.53844679506233 20.63217089445432
62.41691858143926 20.579501685681265
62.14798952731476 20.514703965012792
61.82984819201701 20.47972759985084
61.49743116946084 20.433153232522564
61.1592573164603 20.385509934726453
60.827702490298606 20.358707596142928
60.399098641220036 20.318800859806835
60.049720063482795 20.29057949568623
59.51593145384862 20.258511894556513
58.870445556359755 20.223719041692142
58.293324119101584 20.189593927851647
57.787951457400425 20.14458484897836
57.08153769344668 20.130593321400216
56.45378741995336 20.118333476760817
55.80494622366044 20.105828368456876
55.031188237755515 20.1035620185637
54.47808440163615 20.118429200130635
53.66075164918399 20.11653715492211
50.61840562879706 20.09102116790293
51.09542935650714 20.059294349458547
51.67342478535707 20.003931342946203
52.01205598720398 19.958241453083776
52.50874226113015 19.94187186211751
52.856483646821914 19.897474515380896
53.46260602813808 19.859039202662156
54.309985446068936 19.827010041263208
55.372730002179594 19.801831273935626
56.05860438521657 19.79405287407408
56.508171115954184 19.78112968575676
57.06339217593742 19.759577943513825
57.601754719531044 19.75053656759394
58.063505635469625 19.692511720386552
58.40880111384601 19.65566113799051
58.515988724740225 19.563408831962345
58.69595788716853 19.509303519975646
58.80583068657404 19.440166793074315
58.90853146122316 19.382457028335104
58.870261580897875 19.2931397812901
58.7965867821334 19.226124581185214
58.731583241824865 19.158254663560836
58.39511955977173 19.06337427252056
58.24153360683178 18.988118401218074
58.45086036963954 18.914359187468836
58.740805222630854 18.857838967201985
59.181096283749696 18.7945245871949
59.80518621491481 18.78572196305493
60.29239181673651 18.81408973699558
60.72533444029014 18.85425170368778
61.182907025942086 18.882436301458487
62.25093422964599 18.911022456078946
62.44415084948008 18.855278281514707
62.68617049977428 18.78815849600727
62.81450586598939 18.725582336429238
62.90673857851107 18.673731973616597
63.04986317895336 18.609934539709275
63.11925043027966 18.53833505829618
63.09861285543738 18.488980856668242
62.97913701175878 18.380603463139934
63.25940945224144 18.288165463023876
63.58280074412656 18.215012373557947
64.05343169681836 18.13786103102146
64.44078777226798 18.106639566682627
64.88455104991397 18.06411528919432
65.25255912945622 18.01306552039197
65.83152352575866 17.970137472587876
66.39662747798891 17.907136359206998
66.83415240967136 17.84671211982439
67.21364465211806 17.798687746663887
67.72302526157421 17.727833890516447
68.36556037233044 17.681977678394663
69.71404223599845 17.56434183191471
70.21354709317339 17.549976598665996
70.74090646875248 17.576645074323046
71.13537897189383 17.602285066599627
71.58459035405818 17.681991187391834
72.59635546087335 17.62333069554026
72.970156825826 17.63536634295685
73.46653913188737 17.634058049842874
73.95385136910858 17.637100631437548
74.3662143676838 17.651550166637637
@51.57844184930974 10.229125853953091
51.66037240438905 10.22312108133054
51.7687423162119 10.225047705201302
51.89497268109693 10.227302942288937
51.98258826463666 10.230746166218038
52.07008222794664 10.234196072724796
52.15502384487675 10.239482357840743
52.25775030798005 10.245105453512306
52.33749435833178 10.25407515185411
52.45278778003572 10.263721582451296
52.549958033381444 10.273055239655458
52.61129172658738 10.281733908947317
52.70555495862851 10.292933621912292
52.804590850691426 10.300478453118606
52.94136693978891 10.306883447350339
53.100559708975254 10.309969361463196
53.224125926846625 10.312379618020447
53.36507593153024 10.315145086016472
53.50318400510221 10.319769849210935
53.64098875143068 10.324410586857999
53.76356967474305 10.326864402426796
53.86072471706444 10.334533760201236
53.972508252921784 10.344427896439376
54.029176322656014 10.355126024863594
54.09257308065938 10.373614445461751
54.1609267114209 10.388411181449229
54.19702824743169 10.400636693914402
54.23299245754848 10.412868647574697
54.236910234039215 10.422511672247532
54.220782884683416 10.433636369013865
54.187298878439606 10.44438280784528
54.16561935290699 10.459198578229781
54.146557229799896 10.472154742039995
54.130149628697836 10.48325432270492
54.10541962096107 10.499893768485975
54.033559323374675 10.50021886742785
53.96713263162641 10.496853134683056
53.88055668407338 10.4949593463784
53.776516808134744 10.492693478228077
53.718961399014916 10.495247884178065
53.667766948528424 10.505541699495296
53.66860981227495 10.516963549753108
53.73595814478037 10.531751805678905
53.768433558184796 10.545785345872424
53.737149540437116 10.554598104432884
53.644952098895715 10.556345795058846
53.54088753397494 10.554036185502243
53.43666078292489 10.551733964873764
53.297439666222516 10.548675776060968
53.10554057972294 10.544491984420551
52.962873013066485 10.543292399644907
52.82268844775703 10.540275840362595
52.67671439779059 10.540919480778973
52.54533133664876 10.543763200296945
52.41099936876921 10.548424544964009
52.296880819889225 10.551636383150509
52.164935959551485 10.554472456536272
52.08866446104079 10.556610698655199
52.027290130981754 10.560933257732191
51.91819448573057 10.560511751845613
51.823959447453035 10.562275410631775
51.69405898159076 10.563297546162373
51.587257644953866 10.561078589499914
51.480295973313986 10.55886661347031
51.35530488125471 10.556294760350827
51.26861630124793 10.552660835923042
51.205153968930546 10.545794207243086
51.14969289294663 10.533529507632458
51.094847713371166 10.508300365611351
51.11085558405915 10.49748335592571
51.147432535111335 10.485213076604763
51.20190975326727 10.473287615399324
51.25104399987433 10.464963989218688
51.3386879429072 10.455530055683093
51.36976124862335 10.446838205740676
51.42136318807641 10.436681347758714
51.47030326317815 10.428326671839795
51.5064364029613 10.41599155185923
51.54249101499033 10.403647417520402
51.57589764539978 10.39310887756955
51.616920458937415 10.377116381782393
51.66814172105532 10.366903002111272
51.6833879168247 10.355998770693724
51.7010942767192 10.343271928201684
51.698225856029865 10.332021541232411
51.674787790833335 10.322253984146485
51.633262294250244 10.312155523348418
51.59410207347261 10.300244721082237
51.55480523044875 10.288340591823285
51.497304135922036 10.276115628386247
51.42396145361582 10.261758785233557
51.42040990052965 10.250527218352598
51.45541423114253 10.238119334521057
51.57844184930974 10.229125853953091
@49.98909604467195 12.49918816746107
49.98519397899355 12.399059515717463
49.98138556905488 12.301952215079277
50.10457639397447 12.290474281347997
50.25443117536494 12.273949253877701
50.362635388765284 12.259599166423056
50.49526621082438 12.249647755244672
50.62771898933997 12.239682288322905
50.80124688171401 12.227482770571118
50.97446637593555 12.215261940506057
51.13899853142533 12.206360303911893
51.35262684353063 12.191871307378104
51.524861009709724 12.179587497415012
51.70513537608673 12.16392153655324
51.79514832206448 12.156075314497036
51.95827461827557 12.147096505462208
52.15345391064247 12.139232755122906
52.40431977039478 12.137007780654484
52.55800203327021 12.13139628503154
52.71140738596324 12.125783254667228
53.0173896988226 12.114552487864142
53.193494025755825 12.11348639556831
53.42428604253618 12.118152562949724
53.61422185634922 12.125112360675224
53.723695027368876 12.136595580061465
53.83279584767942 12.148100127657731
53.9330912568478 12.163034963585384
54.078512368012184 12.18717820068331
54.138107432781936 12.204372817993244
54.30446246339707 12.233182027001499
54.45063948904439 12.242621276265023
54.60488960129098 12.248688610607122
54.780755198764666 12.259413728343555
54.93862637390586 12.276997104307844
55.04340975319826 12.288745876490003
55.108630520787386 12.328966579024097
54.87830651689836 12.32705106258623
54.66032565232115 12.33318451290416
54.42433862949193 12.34608257109791
54.2666717666952 12.354669363920328
54.1528690147648 12.372429806753434
54.07843968768282 12.388018233631662
53.98640433578467 12.410288667742686
53.74908137968126 12.448876532955724
53.54644803691443 12.473974054022412
53.387588285215514 12.482377816949233
53.23727880132424 12.487453635475799
52.9622909573398 12.48766851405951
52.75750504490506 12.48703175988884
52.520703099456 12.485221131749363
52.25149295436418 12.482256893641331
51.9406623741676 12.48145908999688
51.723875016964314 12.484252447023954
51.32914977872517 12.487777670132814
51.10181011318019 12.493901597392533
50.914789819179646 12.497919073725427
50.78313062890365 12.50752812659871
50.61626550275113 12.530177638590523
50.522541297108916 12.551827740906775
50.390433946210976 12.561365198259272
50.240558427377294 12.577381787797565
49.99250229710498 12.584821312906397
49.98909604467195 12.49918816746107
@