74.69400103141396 17.67021204851899
75.00009026563168 17.619822283485924
75.2873336267223 17.550905532414077
75.60456177635595 17.500029012981987
75.88146872866332 17.409166009523958
76.11725548769388 17.34259664149575
76.45177049023641 17.28963540702655
76.71871914198994 17.242871823722847
77.08235199264385 17.21288762387202
77.35502210674392 17.26575097458285
77.7585885660713 17.188043975904712
78.17084969798708 17.109024205547776
78.57725375758162 17.001522425735594
79.03426646538986 16.975006580379763
79.4933917463778 16.952639689368933
80.13985840489556 17.148221720210064
80.42879848408995 17.020372783510453
80.71136501887517 16.815605474305677
80.65144471744529 16.570307212342687
80.56609084561558 16.35450815221035
80.46893498904097 16.171818622531436
80.31893096686167 15.950484755317618
80.0527908318372 15.861472203240478
79.73776017613974 15.741264527997085
79.21551555959155 15.735813267227485
78.77627319836944 15.722864534813246
78.00971188461179 15.650328515676023
77.44431901899273 15.591188065550071
77.12790149485596 15.49062515467674
76.75481103713551 15.318777473606616
76.26916586736877 15.122848873623255
76.16209843710607 14.925088724670445
76.28612688327016 14.757586060778422
76.7540729208416 14.596654075303857
77.0488692199441 14.369268357434851
77.33013056218553 14.18634853599307
77.51244997047516 14.022530214117998
77.75146991858449 13.648962522612507
78.08233870631321 13.407774798543937
78.50619859142063 13.18513798950746
78.83190158061635 12.984973673262807
79.11597552182275 12.707838925910545
79.17195693954443 12.426920763448994
79.19461300846405 12.139675681171171
79.19306722638729 11.734572266664522
79.68361584164856 11.416737612919192
79.93427948397354 11.103718452586035
80.29408150654805 10.798177923190446
80.61956007662084 10.475577666514885
81.05459088909006 10.151876369689322
81.2621785946844 9.853772542802437
81.61769098008841 9.491359543797444
81.77285805724048 9.102213314708074
81.87289637012432 8.703051950851087
81.91543249868798 8.298095256554065
81.89095882417445 7.824644168247697
81.67955112047451 7.5044641609623115
81.55135579995698 7.114761424160541
81.4035002382733 6.7987788436351515
81.08319553875734 6.516487659618992
80.68994956190565 6.192169528753844
80.26081846427047 5.8879084057808875
79.85723990952312 5.6536214464365315
79.31197140187598 5.335760575139982
78.92395234997352 5.057122166079697
78.58031080347723 4.836584393043701
78.22045588727104 4.626232337397298
77.76998314713268 4.386591339151796
77.49239820969825 4.168651326840028
77.19857501506601 3.9598260472217532
76.99366958043359 3.7317486140993132
76.67064276644564 3.540765043700013
76.2509140490773 3.327923641080325
75.91387262042124 3.099417338978185
75.65145379777607 2.9622600616847343
75.47294847132281 2.803949495593521
75.28692343214604 2.65095008698081
75.07610338419315 2.406247768485226
74.74256244165136 2.1071972474454164
74.21016341869657 1.9828898983813161
73.35966713374717 1.8672542480138077
72.61055051088897 1.8129280857423282
72.18961340723263 1.7557071296163898
71.5182345713146 1.6422348331196979
70.85776535155776 1.5680269499004424
70.12070569825127 1.475590595187196
69.22788942588528 1.3824738940976715
68.74164778623577 1.3438107108243216
68.07905917999736 1.3363197799179112
67.03340349392343 1.2368067387990216
66.86385849847346 1.0869993924601147
66.68030210414724 0.9725479684463565
66.6026306515476 0.8162424485197555
66.44080447476543 0.6779670761414849
66.29806955060639 0.5145653260697216
66.08056359421244 0.36859382740556157
65.93436815774331 0.24117408522034722
65.70119224842662 0.15489839700356356
65.49072328628822 0.04339927336494753
65.34621872505357 23.948141068565093
65.18902079172224 23.879453981226582
64.92260892850709 23.782695198375322
64.58992944776517 23.696858394072983
64.31890938242509 23.625319840924842
63.948557723089294 23.525094880416784
63.58825303556037 23.424724921883687
63.211784408561726 23.347229821799377
62.841281835107 23.268878748658516
62.4573475917781 23.152507684380456
62.0369804180136 23.021139590422695
61.7628415480886 22.933290071087804
61.52486509080293 22.823873491009586
61.36853770360764 22.708728062496213
61.05603701829091 22.57171742557565
60.86992317086012 22.444659426556452
60.69676489316711 22.352929905790237
60.56812071694998 22.2761899376941
60.67113670007285 22.18679154972909
60.69837753267194 22.071778717995056
60.732517559732116 21.95986225206911
60.77453346444338 21.851027718906806
60.89522592248636 21.77166848629234
60.97990736491093 21.710264577104397
61.18187665965377 21.631964702380525
61.314481503483734 21.558553706080737
61.439848826496615 21.514088463194593
61.751760564944675 21.451885774424895
62.144284025948195 21.42723273572544
63.32900080782002 21.260847003040517
63.38805858724808 21.191577106438636
63.66320324813677 21.130519001970832
63.70153768121975 21.044336087441295
63.616422361400964 20.99304830479167
63.44233170647399 20.921973055572742
63.17463642804313 20.871819068551876
62.892428519515136 20.810227305386828
62.67991720471994 20.747612954272157
62.54161452284504 20.684686118656288
62.420097434553526 20.63200819127868
62.151203881730936 20.567200272182106
61.83311737615779 20.53221906447932
61.50075189964684 20.485637685259153
61.1626280423871 20.437987040777436
60.83113153465928 20.411180904945482
60.402598912794446 20.37126812819402
60.053280126268845 20.34304246301376
59.51958967587305 20.310970050787457
58.87422492235376 20.276171767151006
58.29720841936873 20.242040946983504
57.79191144200141 20.19702385929969
57.08565116035638 20.18302986472296
56.45803923579544 20.170767651685825
55.80934283963359 20.158259927867327
55.035776104748095 20.155992702141184
54.48283395051709 20.170862509150645
53.66571304925168 20.168969441423545
50.62416010531186 20.143444025031755
51.100992306179364 20.111710940492227
51.67873009897036 20.056337269899156
52.017188992599216 20.01063891446699
52.513719152916764 19.994267266201955
52.861294453948545 19.94986247431845
53.46720306675195 19.911421862491867
54.314331460047896 19.879389444315386
55.37679877523328 19.854209242826574
56.06251344903154 19.84643121481245
56.51196614515837 19.833507093093715
57.06704162318465 19.811953440590717
57.605283076614086 19.802911898465183
58.06686466601988 19.744880325274803
58.4120452933208 19.708025882313702
58.5190874708058 19.615763225403153
58.698950438082505 19.561652674147954
58.80870813869029 19.4925095663511
58.91131092144241 19.43479500461913
58.87291856772575 19.345470696156713
58.79915635728872 19.278450755089615
58.73406108966722 19.210576651806747
58.39749733622094 19.11569071421921
58.24381383295588 19.04043158524715
58.45300285457199 18.966670859249472
58.74283062222918 18.910150223271128
59.182982899770565 18.84683601281921
59.80699863492535 18.838034697459836
60.2941952921926 18.866403874325446
60.72714817773459 18.90656742183695
61.184710347356486 18.934753520352853
62.25266159633972 18.963342237899344
62.44579156746988 18.907596991561554
62.68770815268809 18.840476306655077
62.81595839877079 18.777899553948416
62.90812275622102 18.726048955266805
63.051161953944074 18.662251587144237
63.12046216435189 18.590652520977088
63.09977024427462 18.541298820747386
62.980180493856295 18.432923256004578
63.260332840852925 18.34048774346276
63.58362672061594 18.267337007946566
64.05415238576595 18.190188389781007
64.44145763337355 18.158967965247314
64.88515808727013 18.116445109117933
65.2531011529008 18.06539719301957
65.8320015090028 18.022470318428905
66.39702764549929 17.959471232255325
66.83448558608083 17.899049115194497
67.21392575973982 17.851026337756597
67.72323482015562 17.780174936090333
68.36571701958488 17.734319132403108
69.71408300142755 17.616684359717198
70.21356733814781 17.602317285306583
70.74093186984993 17.628980977955383
71.13541132898513 17.654616920185813
71.58466087299513 17.734315572867995
72.59636716627355 17.675650250153822
72.9701670415142 17.687681917770124
73.46653776801651 17.68636889336129
73.95384129217251 17.689406167907208
74.36620329130858 17.703850257742392
@51.57851758556319 10.281726453347545
51.660439375541614 10.275721483965825
51.76880334139719 10.27764861200589
51.89502681096127 10.279904437832817
51.98263867320827 10.283348214238671
52.070128926460995 10.28679867294484
52.15506800632281 10.292085641218256
52.257790959740476 10.297709503345342
52.33753475263151 10.306680145495742
52.45282594169291 10.316327686078694
52.54999489030453 10.325662368097731
52.611329165918505 10.33434189451483
52.70559210342506 10.345542760853235
52.80462547962637 10.353088481666282
52.941396053994964 10.359494398372615
53.100580260150764 10.362581055682588
53.224139867321355 10.364991890498423
53.36508236959972 10.36775801955023
53.50318403666674 10.372383572502073
53.640982416195044 10.377025099027325
53.76355690532867 10.379479492372283
53.86070951605535 10.387149727525937
53.97249069756481 10.39704494886157
54.02916010280552 10.40774404186335
54.09256112766684 10.426234018212924
54.16091693328627 10.441032053698539
54.19702142556423 10.453258575881236
54.2329885145605 10.465491539298537
54.23691001808274 10.475135286300231
54.220788196203245 10.486260756383512
54.187310597002266 10.497007892336896
54.165638286616144 10.511824701142354
54.14658239489975 10.524781776844648
54.13018007394584 10.53588214148797
54.10545788036873 10.5525227671789
54.03360228751984 10.552847691892804
53.96717858771706 10.54948152152261
53.88060747881798 10.547587350695428
53.77657343805228 10.54532102341934
53.719022710175096 10.547875465702736
53.66783544561099 10.558169928203762
53.668682487159685 10.569592655960228
53.73603181002758 10.584382224650327
53.768510088441786 10.598416925995874
53.73723118200138 10.60723028044303
53.645040375885685 10.60897786932346
53.540981839204704 10.606667815365292
53.436761148327946 10.60436515024114
53.29754816174909 10.601306368652168
53.10566034777665 10.597121761802475
52.96300189388879 10.595921721538701
52.82282565880476 10.592904569903874
52.67686170663356 10.593547895281151
52.54548860866208 10.596391515306467
52.41116751344492 10.60105290389149
52.297057964317986 10.604264723277572
52.16512323255924 10.607100707962841
52.08885779004319 10.609238941395434
52.02748928246163 10.61356170758394
51.91840108529519 10.613139908806769
51.824173272602195 10.614903490822769
51.69428229503649 10.615925407024388
51.58748768081401 10.613706017791767
51.480532765729436 10.611493609409342
51.35554959961004 10.608921252178932
51.268865845819136 10.605286822939522
51.20540546941615 10.598419470826803
51.149943678908585 10.586153611231001
51.09509248154305 10.560922219963468
51.11109482748469 10.550104342338734
51.14766411982515 10.537833127027303
51.20213247805131 10.525906808155732
51.25125971821086 10.517582615112593
51.33889344635827 10.50814812595722
51.36996079487983 10.499455639971908
51.42155466037093 10.489298082682296
51.4704876109364 10.480942852514495
51.50661267903331 10.468606822582279
51.54265914243666 10.45626178240169
51.57605857467857 10.44572248051393
51.61707102026719 10.429728808626606
51.66828389195348 10.419514754201689
51.68352375389921 10.408609693254363
51.70122264352315 10.395881886367702
51.69834878910828 10.384630595397967
51.67490734822053 10.374862192424661
51.63337945182613 10.364762805505997
51.59421564907174 10.352850940910008
51.55491513611349 10.340945750075647
51.49741131016373 10.328719643886297
51.42406566471382 10.314361440355386
51.42050811047412 10.303128979460737
51.45550314987577 10.290720236097002
51.57851758556319 10.281726453347545
@49.99088674571706 12.599256251565537
49.987061563056386 12.499116098818844
49.983101817558946 12.399000899283715
49.981855570487824 12.354665416043677
50.10465345655501 12.343223687383057
50.25451190013135 12.326697855313013
50.36271989621807 12.31234707866513
50.49535097968143 12.3023951310335
50.62780388846045 12.292429122532472
50.80133128820776 12.280228925020948
50.974550086869755 12.268007407904502
51.139080022845434 12.259105230853683
51.35270666289145 12.244615398320867
51.524939538221474 12.232330881561317
51.70521363083307 12.216664048494469
51.7952263405175 12.20881738662192
51.95834966750974 12.199838015103872
52.15352396077441 12.191973720384466
52.40437980895359 12.189748403898848
52.55805771912108 12.184136503307576
52.711458660019844 12.178523067060455
53.017431977585574 12.16729148605978
53.19352886509364 12.166225170897176
53.42430874648406 12.170891318336347
53.614233412610616 12.177851233240679
53.72369730317999 12.189334845906291
53.832788889101465 12.200839777784614
53.933074149902296 12.215775143289443
54.07847961987676 12.239919223995091
54.13806541307136 12.257114471234777
54.30440214166805 12.285924615819852
54.45056946132337 12.29536404428506
54.604810927713174 12.301431411237177
54.780665240847014 12.312156699022182
54.93852326504933 12.329740502712324
55.043297934407406 12.341489548145294
55.108500348525496 12.38171153118695
54.87818586592195 12.379796279749
54.66021075011349 12.38593024238021
54.42422717691733 12.398829059748563
54.26656248635132 12.407416355046916
54.15275615886446 12.425177533638207
54.07832260301171 12.440766560205205
53.986280465916906 12.463037812843309
53.748947731401415 12.501627155442863
53.54630904513692 12.52672567082631
53.38745029914239 12.535129889391746
53.23714308391837 12.540206057205111
52.96216381951851 12.540421321979357
52.75738466938938 12.539784827659433
52.520591080556244 12.537974463634638
52.25139090603358 12.535010491192189
51.94057040476159 12.534213056182908
51.72378817997438 12.537006758567122
51.32907294950061 12.540532552599602
51.10173654816839 12.546656916443553
50.91471941628413 12.550674718198199
50.783058335034355 12.560284185802647
50.61618421881258 12.582934493635257
50.52244923605949 12.60458525673548
50.39033943081185 12.614123096032712
50.24045764328852 12.630140235037581
49.992690497519476 12.637571556071379
49.99088674571706 12.599256251565537
@