74.69386200966824 17.550978182540867
74.99982960776327 17.50058284889596
75.28692220112293 17.431664994120265
75.60403753005161 17.38078129513121
75.88076691902299 17.289922345519095
76.11642776658587 17.223353955368943
76.4508416499873 17.170383118192344
76.71770559062244 17.123612238403883
77.08128173424987 17.093607789698506
77.35403008583131 17.146434815771624
77.75746708570892 17.068712896669783
78.16960436545676 16.98967564320638
78.5758518138964 16.882162925226535
79.03282860169946 16.85560359683734
79.49192612345163 16.833186823087722
80.13866033174952 17.028623155386633
80.42743021218962 16.90076596875061
80.70973975984339 16.696015878404186
80.64952503476539 16.45081160050372
80.56392829755063 16.235106529323286
80.46657930389495 16.052503904991035
80.31635741720098 15.831283127379315
80.05012727746032 15.742345801899061
79.7349822547051 15.622230719196777
79.21271352359472 15.616845894657269
78.77344439634854 15.603951850352288
78.00679784229939 15.531522807474124
77.44134030384208 15.472457152149413
77.12484032220036 15.371961209739345
76.7516287768166 15.20021159559168
76.26586643661796 15.004395269465519
76.15871451282436 14.806718173022144
76.28269112995446 14.639269700563771
76.75060120743572 14.478364867028613
77.04535511119332 14.251039763441465
77.32659168096467 14.068163589354553
77.50889545570323 13.904387460134378
77.74790329436294 13.530921002010416
78.0787681413479 13.289783684484654
78.50262028597513 13.0671853935955
78.82831895730271 12.867058362086203
79.11239779215845 12.589982467496815
79.16840290470648 12.309129966868948
79.19108807873343 12.021947692300506
79.18958585227725 11.616924586732761
79.68012380355708 11.299153549640291
79.93079694332002 10.98620098201036
80.29060274512423 10.680736210063532
80.61609702461234 10.358224221923104
81.05115241295837 10.034633348060808
81.25878461000104 9.736625925547518
81.61437232868317 9.374355668291836
81.76964858542917 8.985344928347448
81.86982752820691 8.586319493598582
81.91253636487059 8.181492547604954
81.88830277419663 7.7081760760886215
81.67705851880646 7.3880405468143975
81.54910955004863 6.998412865282383
81.40147275317432 6.682474758306498
81.08134816444874 6.400178986592188
80.68832544440428 6.075846654129155
80.25941416156988 5.771557503024653
79.85600562733393 5.537235069445298
79.31099161262861 5.219324005821889
78.92323631361282 4.9406487846260845
78.57981006967631 4.720072828664513
78.22016496828732 4.509677101289121
77.76993519443528 4.269978044142626
77.49260190280907 4.0519934669347855
77.19901830352362 3.843118132022518
76.99439222216515 3.6149905876965818
76.67157436830024 3.423948714139314
76.25206622437571 3.2110351153513754
75.91526812570928 2.9824569747313845
75.65298167742543 2.8452514925622836
75.47463793094803 2.6868928253938194
75.28875950170496 2.533845565256488
75.0781674028444 2.2890717062074515
74.74486649712213 1.9899311417069896
74.21250651519142 1.865568669391969
73.36198865770331 1.7498697629734181
72.61280458564448 1.695502140061457
72.19184589545182 1.6382544279602094
71.52044025185492 1.5247390952698368
70.85990748747747 1.4504989221460036
70.122772204218 1.358029459579683
69.22983593142325 1.2648807738714893
68.74351414242452 1.2262035779170404
68.08078002915468 1.2186979367444337
67.03493177929346 1.119162481414481
66.86544462394252 0.9693543280118924
66.6819280157199 0.8549054248491608
66.60437475088517 0.698609509212794
66.44265070795589 0.5603462942404818
66.30008093807177 0.3969634087920966
66.082735230466 0.25101331694277107
65.93672057583248 0.12361424309643354
65.70365749372007 0.037356588449604544
65.493378941408 23.925880454402403
65.34906649660849 23.830641721102985
65.19201284471123 23.7619707261492
64.92582174317121 23.665236909087575
64.59335478235963 23.579426970860617
64.32253534300443 23.507911229655157
63.95250162519244 23.407718359092453
63.592559055827905 23.307380042258536
63.21640549629453 23.229914685872167
62.84625561749934 23.151592952330496
62.4628846673921 23.035253540822623
62.04321882829959 22.903915998967214
61.76958498639786 22.816083183474802
61.532241209612636 22.70667569749754
61.37657011208975 22.591526931326992
61.06492607720904 22.454512483614934
60.879572983677576 22.327434301249713
60.706987314759374 22.235687324752327
60.5788120223221 22.158927876822165
60.682198044720394 22.069485114541457
60.70995104380373 21.95441671679982
60.74454597057499 21.842439709809288
60.78695732545907 21.73354056411216
60.907837834337585 21.654125994668533
60.992653235833046 21.59267850284068
61.194690971217796 21.51431648878401
61.32738172590135 21.440849334863184
61.45275107472517 21.396347359576325
61.764534520581975 21.33408644849221
62.15677746937587 21.309397665063713
63.34077571445141 21.142846047878898
63.3998534938473 21.073526985766865
63.6748232614616 21.012416927138748
63.71316671191087 20.926174369322407
63.62813075031207 20.874854645046554
63.45418132811278 20.803736313527804
63.18669473566345 20.753555636519643
62.90469564431007 20.691928670999182
62.69232193752126 20.62927570779681
62.55407972173069 20.566307839980777
62.43260634939253 20.51359558320727
62.16385240664198 20.448747507417742
61.84598159555998 20.413747230701148
61.51381887190385 20.36713824110939
61.17589165915345 20.319458668262918
60.8446245690844 20.29263757912108
60.41637212788294 20.252701016548748
60.06728854009185 20.224458414435166
59.53398423177066 20.192367055592335
58.88909603304782 20.15754738462835
58.312492296767005 20.12339409296653
57.807492970126646 20.07834546982712
57.10183647112609 20.064341755787623
56.474768782065325 20.05207021221778
55.82664198418229 20.039552184746636
55.05382759251313 20.03728150311102
54.501521503337585 20.05216164092014
53.68523394062626 20.050264539501676
50.64680027822868 20.024701970333396
51.12287903816133 19.992944220747574
51.6996032447621 19.937528573042698
52.037384196542604 19.891796894917427
52.53330024706045 19.875417153423392
52.88022208185228 19.830983057902202
53.48528969394212 19.79252159430798
54.33143055704275 19.76047636730981
55.39280722266844 19.735290534311797
56.07789361929929 19.72751397865989
56.52689768437659 19.71458618888012
57.081400396608615 19.693025024983058
57.61916546573602 19.683982835686997
58.08008076227904 19.625924797188745
58.42480946389654 19.589055165658902
58.531279250994686 19.496751777369244
58.71072430202409 19.442620613053048
58.82002902186673 19.37345240128746
58.92224615683571 19.31571896934581
58.88337176592546 19.226366883699274
58.80926551124827 19.15932829576442
58.743809224723634 19.09143773284158
58.40685155686282 18.996529984966653
58.25278411837388 18.921258052933716
58.461431128571604 18.847491397039228
58.75079819106813 18.790969143020295
59.19040440363247 18.727655621062333
59.814128269053185 18.718859463535622
60.301289810542784 18.747234157540213
60.734283155227445 18.787403919142463
61.19180441345031 18.815595920412072
62.25945692931032 18.844194726523018
62.4522459288105 18.788445277486154
62.69375694670998 18.721321071842922
62.82167223226685 18.658742002022198
62.91356760326789 18.606890489400495
63.056270736381975 18.543093398201638
63.12522843063596 18.47149598605486
63.10432265140349 18.422144272422248
62.98428465651733 18.313775933961765
63.26396446030989 18.221350237925776
63.58687505435745 18.14820878756731
64.05698645693442 18.071070913584578
64.44409172848816 18.039854590958527
64.88754500638504 17.997337341335935
65.25523227302764 17.946296730893934
65.83388067142036 17.903374486495522
66.39860064377618 17.840383395930004
66.83579500696547 17.77996964725472
67.21503031656917 17.731953162380588
67.72405786757082 17.661111438281637
68.36633189371895 17.615257254936004
69.71424194528345 17.49762673964366
70.2136455474654 17.48325242528451
70.74103037121975 17.509897292547368
71.1355372026261 17.535517293287135
71.58493690488086 17.61518654149147
72.59641178633885 17.55650222722353
72.97020579931157 17.568518232828588
73.46653096132695 17.567186593021738
73.95380019828997 17.570202985509404
74.36615826060682 17.58462564583371
@51.578815508653776 10.163684479778828
51.66070280349112 10.157678736293489
51.769043371739315 10.15960784866086
51.89523970791856 10.161865991665772
51.982836927701044 10.165311942448502
52.07031258266764 10.168764574438702
52.15524168095962 10.174054231348132
52.25795082543962 10.17968110995615
52.33769360893493 10.188655466470706
52.452976015991624 10.198307375460198
52.55013983388113 10.20764609067011
52.61147640477205 10.216328990286247
52.70573818743793 10.227534395730636
52.80476166585973 10.23508361765238
52.94151054064227 10.241493164892244
53.10066105009906 10.244582747263284
53.22419464321743 10.246995857974772
53.36510762241818 10.249764588789608
53.503184079625186 10.254393249977895
53.640957405476996 10.259037881275564
53.76350657503818 10.261494548603936
53.86064961906101 10.269168236723246
53.97242153842677 10.279067728491594
54.02909620234536 10.289770617534952
54.092514023704354 10.30826671641266
54.16087839198295 10.32306986599809
54.19699452124371 10.335300361840213
54.23297294259953 10.347537299076588
54.236909115555335 10.357183888713728
54.220809048779216 10.368312402061509
54.187356665952535 10.37906228140168
54.16571275298256 10.39388317676218
54.14668138678829 10.40684384109144
54.13029984743713 10.417947290980646
54.10560840879296 10.434592560064676
54.03377133083663 10.434916799021188
53.9673594047114 10.431548906322002
53.880807337229726 10.429653229989556
53.77679625943267 10.427385095716568
53.719263954428556 10.429939680906594
53.66810497117922 10.440236690279681
53.66896845623461 10.451662871371898
53.73632167950669 10.466457606448724
53.76881123547517 10.480496877479938
53.737552445543486 10.489312576968926
53.64538775257657 10.491059765324176
53.54135293877121 10.488747962319367
53.43715609641416 10.486443547776116
53.297975104165374 10.483382433171366
53.10613165069742 10.479194617859932
52.96350905846177 10.47799278486014
52.82336560502259 10.474973301864644
52.67744139123727 10.475615387228903
52.54610750231754 10.478458615535839
52.411829195694224 10.48312017678861
52.29775506429982 10.486331922042304
52.165860192475066 10.489167557482698
52.08961858276638 10.491305756635262
52.028272989518456 10.495629337833961
51.91921410288569 10.495206386252132
51.82501472560347 10.496969666022943
51.69516108775454 10.497990718894698
51.58839292782969 10.495769627147503
51.48146460136681 10.493555517103985
51.356512625632774 10.490981175783277
51.269847863558084 10.487344759742331
51.20639518250033 10.480474560470666
51.150930576877045 10.46820413567101
51.09605569072531 10.442963892417573
51.11203629206875 10.432142599048333
51.148575441566294 10.419867700213693
51.20300892986623 10.407938006098222
51.252108595137 10.399611582259896
51.33970212193566 10.390174906620572
51.37074602450525 10.38147991756474
51.422308113486025 10.37131960826785
51.471213024346326 10.362962196965437
51.507306324101904 10.350622586035806
51.5433207163251 10.338273981040794
51.57669181825764 10.327731680668805
51.61766345765366 10.311733380415689
51.668843307183494 10.301516670658204
51.68405823995437 10.290608345210805
51.7017277274677 10.277876743090534
51.6988324857337 10.26662189452814
51.6753777568926 10.256850162622385
51.633840412660305 10.24674713098994
51.59466250915409 10.234831085656857
51.55534754921038 10.222921717059833
51.49783296926981 10.210691113613459
51.42447565687462 10.196327556363196
51.420894481793994 10.18509157722028
51.45585295273386 10.172679451404955
51.578815508653776 10.163684479778828
@49.99155608971077 12.499278289274809
49.98776923785766 12.39913438241271
49.98382746989574 12.299015094423384
49.981860290064134 12.237238345537197
50.10495651977979 12.225767344671594
50.254829381055 12.209238346221897
50.36305226808261 12.19488485737735
50.49568438396767 12.184930798545757
50.628137809045796 12.174962658666779
50.801663274648064 12.162759785948962
50.9748793404882 12.15053556492305
51.13940054534643 12.141631260838441
51.35302061041145 12.127138138182127
51.5252484100327 12.11485083978669
51.70552143035374 12.099180574149104
51.795533212642965 12.091332181372195
51.9586448578637 12.08235059611091
52.1537994808734 12.074484158831082
52.40461593176312 12.072257496029398
52.55827671458621 12.066644001551477
52.711660295572585 12.061028967816815
53.017598217465746 12.049794182264355
53.19366582915961 12.04872698977704
53.42439795330603 12.053393058347346
53.61427874846609 12.060353434046837
53.723706114984424 12.07183859415258
53.8327613581433 12.083345038057985
53.93300667857824 12.098282487358818
54.07835059017705 12.122429887520207
54.13789989291186 12.139627613503187
54.304164591079484 12.168441439358771
54.4502937129067 12.177881572705527
54.6045011542615 12.183949067667374
54.78031105814347 12.194675024241299
54.938117325903875 12.21226051071904
55.04285771673045 12.224010631175537
55.10798789567386 12.264237652862374
54.87771088172366 12.262323444709635
54.65975838677008 12.268459423763632
54.42378838491595 12.281361228976694
54.26613223999587 12.289950501840249
54.152311836888884 12.307714575840595
54.07786163549437 12.323305962292848
53.9857927908557 12.3455804359426
53.74842156479235 12.384175592352909
53.545761842948394 12.409278020624322
53.386907051565544 12.417684032389172
53.2366087619057 12.422761574909867
52.961663258622764 12.422978359888498
52.75691071878461 12.42234288848671
52.52015001435777 12.420533564223692
52.25098907565325 12.417570637708332
51.940208235698805 12.416774653861207
51.72344620601342 12.419569715597607
51.328770354868 12.423097756886198
51.10144679559008 12.429223839029875
50.91444210485167 12.433242921601119
50.78277357824561 12.442854021303726
50.615864075657754 12.465507460814804
50.52208667493011 12.487160824007784
50.389967207180064 12.496700166352936
50.240060744605245 12.512719467539496
49.9925908352443 12.520143743113271
49.99155608971077 12.499278289274809
@