74.69382632206342 17.515506633284996
74.99976301745491 17.465109888456006
75.28681730753914 17.396191758065182
75.60390397335871 17.345306238709885
75.8805882524442 17.254448325217
76.11621711229273 17.18788018807674
76.45060530541858 17.134906915189106
76.71744772450532 17.088134185148913
77.08100945942653 17.05812459483552
77.35377768270183 17.110942389730788
77.75718179166341 17.033216686189558
78.16928760481991 16.954174997581266
78.57549526546063 16.846659509315984
79.03246292210196 16.820089137992635
79.4915533848935 16.797659695665526
80.13835554263153 16.99305900239924
80.42708218324168 16.86519973219771
80.70932644756786 16.660454034703314
80.6490369413801 16.415273649247865
80.56337852180062 16.19959246662167
80.46598047786037 16.017011927168173
80.31570326333235 15.795819884959101
80.04945027002879 15.706901668883129
79.73427620721438 15.586810107059042
79.21200135841366 15.58144215400728
78.7727254384433 15.568561998520854
78.00605724387182 15.496160126603321
77.44058328547635 15.437113468975488
77.12406236535381 15.33663453826525
76.75082007189951 15.164909835998364
76.26502797972691 14.969122029972967
76.1578546014583 14.77146603157065
76.28181805858986 14.604031325947197
76.74971900453986 14.443133391447393
77.04446214495374 14.215823686208768
77.32569242605254 14.0329586001749
77.50799223322215 13.869193188968842
77.7469970039619 13.495752445600354
78.07786085322513 13.254627932266185
78.50171103335708 13.032039425807763
78.82740860925247 12.831921865056252
79.11148868935032 12.55486091911779
79.167499823544 12.274025096260278
79.19019239295886 11.986858774571608
79.18870123232435 11.58185606729634
79.67923647189508 11.26410118761496
79.92991202185706 10.951165533347503
80.28971877960876 10.645720001631272
80.61521704453466 10.323230430924099
81.05027866832904 9.999667599861528
81.25792216066179 9.701684660998037
81.61352900488035 9.339450654769255
81.76883298472973 8.950474327070717
81.86904763888776 8.551483419026114
81.91180033570825 8.146689433559516
81.88762772023424 7.673407165417429
81.67642498215622 7.3532829453578525
81.54853858935724 6.96367434340484
81.40095736501635 6.647747547372411
81.08087853592096 6.365450623655594
80.68791254008914 6.041114698638246
80.25905711055947 5.736818440874799
79.85569178037429 5.502487004896093
79.31074243643297 5.184563202162572
78.92305416083786 4.905878639262237
78.57968263083302 4.685292990168811
78.22009085075317 4.474886173859495
77.76992282539808 4.235172372104028
77.49265348636322 4.017176478190901
77.19913077912867 3.808288430208812
76.99457569321817 3.5801481588538877
76.67181094880937 3.389091473849035
76.25235886789409 3.1761595324042418
75.91562261470449 2.9475631397371203
75.65336981244496 2.8103454090615188
75.47506713318788 2.651974520088981
75.28922596673516 2.498915100994928
75.07869180279172 2.254123063349489
74.74545190489371 1.9549596170805685
74.2131018507543 1.830583135037962
73.36257851953044 1.7148681513065895
72.61337731347714 1.6604899904024641
72.19241314117733 1.6032354781295695
71.52100069034734 1.4897092077976346
70.86045178258044 1.4154608280793113
70.12329728495166 1.3229829511719267
69.23033052308199 1.2298261366041245
68.74398836950326 1.1911453793303721
68.08121728456189 1.1836359994548467
67.035320106525 1.0840948476748373
66.86584764802996 0.93428648926146
66.68234114898465 0.8198382267401882
66.60481791422217 0.6635447519504396
66.44311982180952 0.5252846266066129
66.3005920147647 0.36190653541500595
66.08328702291374 0.2159618838951971
65.93731830110357 0.08856806285567131
65.70428388496791 0.0023149912923656757
65.49405371075002 23.890844700088856
65.34979007786339 23.795610915687924
65.19277308364155 23.726944010778347
64.9266380705404 23.630216539084188
64.59422510283201 23.544413429175933
64.32345663476076 23.47290348604311
63.953503693531815 23.37271877200994
63.59365312431484 23.27238849815479
63.21757960912694 23.19493070227451
62.84751933404422 23.11661642685914
62.464291494842115 23.00028506266935
62.044803838172555 22.86895528936233
61.771298305093836 22.781126721947153
61.53411527258089 22.67172155077344
61.37861092188135 22.556571939840993
61.06718453695083 22.41955652784786
60.88202473402228 22.29247321895433
60.70958455120069 22.20072180798418
60.581528391840294 22.12395741040347
60.6850084446304 22.034503369946513
60.712891583957656 21.919420849056504
60.747602100079064 21.807428453402153
60.79011393830186 21.69851288325812
60.91104223482699 21.619084246568942
60.99589167728902 21.557625675313776
61.19794680976872 21.47924786404049
61.33065939626104 21.405766433399975
61.45602926249555 21.361255119677693
61.767780117944824 21.298979406710778
62.159951802547965 21.274281535917986
63.34376748986867 21.10768774617636
63.402850343508646 21.038356184623982
63.677775669698036 20.977232917845463
63.71612139851251 20.890975196853738
63.631105590386966 20.839647351913666
63.45719203696689 20.768518067330646
63.189758453265966 20.718330604546473
62.90781240005461 20.65669468914951
62.69547363815832 20.594031909378025
62.55724676718381 20.53105360994797
62.435784485813315 20.478332625690303
62.167065991137434 20.41347434082639
61.84924996556569 20.378469215838628
61.517138734200046 20.331853206636346
61.17926145980323 20.284166279173306
60.848052640605715 20.257341388055394
60.419871359088404 20.217398778020268
60.07084750731519 20.18915186967086
59.53764127590128 20.157055693314163
58.89287411680755 20.12223058415011
58.31637521295224 20.088071578873375
57.81145146710887 20.04301493832738
57.10594832618827 20.029008751884966
56.47901886692111 20.01673483496458
55.831036736919 20.004214186723253
55.058413432639355 20.00194262463605
54.50626890780336 20.016825387079287
53.69019299390166 20.01492725826781
50.65255146410195 19.989355237542213
51.1284388545547 19.957591219357553
51.70490559590411 19.902164903105472
52.0425143279991 19.856424756068797
52.538274403471036 19.840042958923288
52.88503023345737 19.795601416539128
53.48988422017882 19.757134655256444
54.33577424822917 19.725086175638882
55.396873890178455 19.699898914892252
56.081800707617305 19.692122735645157
56.53069081445477 19.679194015172264
57.08504803091918 19.657630944272228
57.62269209325211 19.648588592293997
58.08343810845395 19.590523830200375
58.42805199398114 19.553650340457736
58.53437632755143 19.461336603502772
58.713715190054415 19.407200202968845
58.82290480534445 19.33802561434886
58.92502394726384 19.28028738962529
58.88602706001643 19.190928249128184
58.81183337485305 19.123884925882898
58.74628534701591 19.055990183887953
58.40922756453409 18.961076898649655
58.2550625617491 18.885801717817426
58.46357186471354 18.812033560621884
58.75282188369343 18.7555109000349
59.1922893714073 18.692197558415707
59.8159391055969 18.683402713302783
60.30309174591636 18.71177880817321
60.736095389814295 18.751950146934945
61.193606273027285 18.780143647218342
62.26118292841488 18.80874501737815
62.45388529595829 18.752994504319883
62.69529327095728 18.685869408852145
62.823123450810726 18.623289754613086
62.91495047885624 18.57143801340115
63.05756822776317 18.50764099715174
63.126438897356195 18.436044010329198
63.105478780841935 18.38669280488197
62.985326896337256 18.278326310011757
63.26488664871923 18.185903115119658
63.58769987035333 18.112764029499495
64.05770603359971 18.03562889130548
64.44476050582463 18.00441361345079
64.8881509934435 17.961897791678183
65.25577327779641 17.9108590412433
65.83435767231308 17.867937976680462
66.39899986879698 17.804948922249906
66.83612727392662 17.744537304039167
67.21531054108152 17.696522421302827
67.72426657896875 17.625683160830693
68.36648772346948 17.57982939250301
69.71428195459703 17.462199967010267
70.21366504820787 17.44782381449532
70.74105502819307 17.474463897768057
71.13556881410324 17.500079847141578
71.58500666443581 17.579741620198327
72.59642275670828 17.52105248534891
72.97021528020775 17.53306451137247
73.46652886606071 17.531728142577442
73.9537893914509 17.53473922992169
74.36614645252843 17.54915644520519
@51.578891175938054 10.128515783754509
51.66076970555869 10.122509843631425
51.76910432918686 10.124439460258111
51.89529377158982 10.126698192105982
51.98288727141255 10.130144695423153
52.070359217635314 10.133597879669756
52.155285780394536 10.138888219777725
52.257991416903366 10.144515864895936
52.33773394488773 10.153491165229562
52.453014121600944 10.163144184243173
52.55017663680843 10.172483924292584
52.61151379174339 10.181167681032157
52.70577528205763 10.19237423986189
52.80479624632204 10.19992435142885
52.94153960817491 10.206334821219354
53.10068155611037 10.209425146899717
53.22420853967347 10.21183883595532
53.36511401774817 10.21460822792181
53.50318406989206 10.219237678948282
53.640951030347736 10.223883099202922
53.763493766763986 10.226340344386045
53.86063438061393 10.23401490991197
53.97240394733649 10.243915486802715
54.02907994819148 10.254619340404393
54.09250203861757 10.273116994979397
54.160868583553594 10.287921444035447
54.19698767042368 10.30015294956074
54.23296897196798 10.312390896521928
54.23690887285031 10.322038208448221
54.220814334470106 10.333167495056081
54.187368359479365 10.343918071454455
54.16573166283666 10.358740005167869
54.146706529041666 10.371701581333499
54.13033027068468 10.382805815156159
54.10564664743691 10.399452264087458
54.03381427395081 10.399776328772269
53.967405339224484 10.396407998416546
53.88085810987468 10.394511939513789
53.77685286661006 10.392243346056665
53.719325242807 10.394797967537968
53.66817344610669 10.405095624039289
53.66904110989611 10.416522682606747
53.73639532497836 10.431318730460063
53.76888774715309 10.445359162638521
53.737634069057975 10.454175457983386
53.64547601128194 10.455922544538586
53.54144722512436 10.45361029707557
53.437256442333535 10.451305437978942
53.29808357937486 10.4482437305194
53.106251397242715 10.444055099887503
52.96363791701259 10.442852811313273
52.823502792872375 10.439832735880444
52.67758867620921 10.440474506113262
52.546264750030645 10.443317634842854
52.411997315768076 10.447979239926843
52.29793218379618 10.45119096630712
52.166047440080234 10.45402651296291
52.08981188613146 10.456164703380802
52.02847211539532 10.4604884916535
51.919420676194875 10.46006524711071
51.82522852411054 10.46182845005167
51.69538437388678 10.462849283510987
51.58862293553477 10.460627759121635
51.48170136476696 10.458413216652342
51.35675731394471 10.455838371134382
51.27009737718211 10.452201450219038
51.20664665095907 10.445330527463291
51.15118132922683 10.433058942627186
51.096300422301624 10.407816450069967
51.11227549785792 10.396994288769665
51.148806987573266 10.384718453971098
51.20323161502077 10.372787902233886
51.252324273271 10.364460911575257
51.33990758476148 10.35502368039175
51.370945529369834 10.346328055326584
51.4224995435942 10.336167046776275
51.471397329304466 10.327809081277287
51.50748255617938 10.31546856044817
51.54348879855962 10.303119049667927
51.576852701289425 10.292575987412995
51.61781397106114 10.27657651113973
51.668985429270975 10.266359126704742
51.68419402694056 10.255449971778894
51.70185604266814 10.24271740532798
51.6989553656943 10.231461652809127
51.67549725965014 10.221689075038201
51.633957513868864 10.211585117294769
51.594776026383585 10.19966800965462
51.55545739446367 10.18775757950772
51.49794008080312 10.175525833322405
51.424579802448335 10.161160915707747
51.420992624487354 10.149924042616288
51.45594180266616 10.137511057382364
51.578891175938054 10.128515783754509
@49.98912499467255 12.399180884987063
49.98522667067678 12.299052897957914
49.98143731115459 12.202265392342175
50.10503347293627 12.190747457687669
50.2549099990529 12.17421765469397
50.36313667092145 12.15986347671322
50.49576905007558 12.149908881429983
50.62822260727182 12.139940199970983
50.801747582574734 12.127736647481846
50.97496295516328 12.115511739389401
51.13948194241024 12.10660689480986
51.353100338150824 12.092112936122598
51.52532684916264 12.07982493090539
51.70559959831439 12.064153793051704
51.79561114559786 12.05630496045122
51.95871982339952 12.047322812656107
52.153869449152296 12.039455830914205
52.40467589004189 12.037228825936303
52.55833232151261 12.031614926418753
52.711711492042696 12.02599948672897
53.01764042126473 12.014763886831396
53.19370059451094 12.013696471357317
53.424420583972534 12.018362519788967
53.61429023173767 12.025323012484211
53.723708317303476 12.036808565714576
53.832754325578776 12.048315393745124
53.932989496818095 12.063253372447072
54.0783177658422 12.087401615937262
54.13785779582011 12.104599971679699
54.304104190378496 12.133414732768058
54.450223606186654 12.142855045131622
54.604422401986994 12.148922572537579
54.78022102157266 12.15964869893927
54.93801413781799 12.177234612878285
55.04274581834147 12.188985006407407
55.10785764107712 12.229213308209635
54.877590147288146 12.227299365251099
54.659643399410044 12.233435856731255
54.42367684483446 12.246338421182587
54.266022870552916 12.254928196562352
54.15219888981841 12.272693006241896
54.077744457984835 12.288284992291318
53.985668825856635 12.310560284321546
53.74828781692702 12.349156917904885
53.54562274836829 12.37426034037636
53.386768961001565 12.382666807800653
53.23647293861691 12.3877446996563
52.96153601303854 12.387961871007269
52.75679023415728 12.387326659598374
52.52003788486198 12.385517599624189
52.250886915102484 12.38255493897996
51.94011615197485 12.381759323973503
51.72335925295786 12.384554731171084
51.328693406492675 12.388083343584233
51.1013731092917 12.394209862377958
50.914371578986646 12.398229270434246
50.782701159648695 12.407840784832608
50.61578266389495 12.430495020011605
50.52199448360247 12.452149043779224
50.38987255975019 12.461688768023658
50.23995982608466 12.477708618557278
49.992533081624714 12.485132076052272
49.98912499467255 12.399180884987063
@