74.69393180486014 17.498732353277884
74.9999602172243 17.448339800964817
75.28712818930663 17.37942249424839
75.60429992510052 17.32854238194103
75.88111808894286 17.237681400664165
76.11684188739036 17.171112518018674
76.45130632727876 17.118146478805667
76.71821262080087 17.071379244299397
77.08181711758473 17.041384917202986
77.3545263569539 17.094230106496006
77.75802808301421 17.016515642258646
78.1702272856777 16.93748712463389
78.57655303433225 16.829979868609623
79.0335477852365 16.803442277004486
79.49265919083277 16.7810504394907
80.13925965132199 16.976559624052197
80.42811462534192 16.848706552395935
80.71055265347934 16.64394783883344
80.65048511554895 16.398696560069848
80.56500978801569 16.18294448960982
80.46775734286982 16.000298410738473
80.31764436396784 15.77902108869774
80.05145921364769 15.690046154272542
79.73637135839633 15.569884780582111
79.21411467689134 15.564466745655578
78.77485892600339 15.551545363055236
78.00825497727197 15.479062841094748
77.4428297647784 15.419959794284722
77.12637100103254 15.319430371469
76.75321998370393 15.147631729166168
76.26751621236824 14.951759272782086
76.16040652341908 14.754040654371984
76.28440904747549 14.586565088644212
76.7523371003972 14.42564667931782
77.04711219457388 14.198291271446465
77.3283611458948 14.01539327577559
77.51067273357131 13.851596052637028
77.74968661983783 13.478078984476893
78.08055343435817 13.236916466840572
78.50440944738307 13.0142989192061
78.83011027628643 12.81415324786548
79.11418666292562 12.537047931398572
79.17017992740989 12.256162605185178
79.19285054901829 11.968948931828342
79.19132654599966 11.563885678129443
79.68186983084664 11.24608283857732
79.93253822431103 10.933096980665098
80.29234213991299 10.627594337537616
80.6178285696366 10.305038224120343
81.05287167729682 9.981392150935626
81.26048163639544 9.683336536078814
81.61603170140765 9.320994923186005
81.77125338346497 8.931916450692944
81.87136202890912 8.53282306132183
81.91398453089542 8.127931247689581
81.88963092161356 7.654547469759578
81.67830495355042 7.334389695650165
81.55023282587388 6.944724480077422
81.40248665855458 6.628764128251273
81.08227201931595 6.346470639615763
80.68913767476818 6.022145395358187
80.2601164855306 5.717870246358732
79.85662293937474 5.483565540838288
79.31148167464482 5.165679561862657
78.92359449585234 4.887022737164152
78.58006059600137 4.666465865536686
78.22031058115434 4.456091967765207
77.76995931540006 4.216421933744851
77.49250019317623 3.9984596333672755
77.1987967873774 3.789609321475581
76.99403101977859 3.5615068279310123
76.67110867562806 3.3704941033732325
76.25149023269671 3.1576166008887405
75.91457045669839 2.929074377957676
75.6522178134546 2.791892998012443
75.47379326913378 2.6335583809117864
75.28784152751317 2.4805350465079847
75.07713544357358 2.2357969579394634
74.74371450778295 1.9367014166389183
74.21133499943252 1.8123665083027127
73.36082792208666 1.6966992330898165
72.61167757091258 1.6423523427819156
72.19072967163751 1.5851180098623985
71.51933742830758 1.4716241970066868
70.8588364337345 1.3974001702335563
70.12173896303719 1.3049472629194057
69.22886268823103 1.2118145707917058
68.74258097293549 1.173144381742624
68.07991961206224 1.165646096368647
67.03416764255161 1.066121848956751
66.86465156732251 0.916314099036768
66.68111506636694 0.801863935372154
66.60350270862648 0.645563217267302
66.44172759996945 0.5072939232377749
66.29907525498069 0.3439016048603918
66.0816494254909 0.19794080890315513
65.93554438272037 0.07053140009053038
65.70242488954042 23.98426472804452
65.49205113602628 23.872777098239705
65.34764263658525 23.777528628231366
65.19051684710928 23.708849586304183
64.9242153700198 23.61210328509166
64.59164215541131 23.526279912498943
64.32072240890798 23.454752764070648
63.95052972962006 23.354543846552986
63.59040611175163 23.25418970661437
63.21409502929663 23.176709476275835
62.843768815270266 23.098373070595272
62.46011623501022 22.982017829250196
62.04009974863959 22.850665007179252
61.76621340682391 22.762823836896324
61.52855330454261 22.653411800725625
61.37255407419323 22.538264700771194
61.060481732550016 22.401252155290834
60.87474827440198 22.274184063009628
60.70187631118438 22.18244581359413
60.573466584331555 22.105696105469036
60.67666758394358 22.01627553249215
60.70416450011999 21.90123492082705
60.73853197697906 21.789288188509325
60.78074560670507 21.68042135418401
60.90153208684433 21.60103445805541
60.986280507091294 21.539608761586685
61.188284017104166 21.461277823246505
61.32093181479178 21.38783875375189
61.44630014862696 21.34335514842416
61.75814773408618 21.281123354526912
62.15053092838923 21.256452447139054
63.334888425168856 21.089983789126965
63.3939562106321 21.020689314918684
63.66901342592428 20.959605238612504
63.707352377834155 20.873392508646425
63.622276746005525 20.822088758594838
63.44825672173954 20.75099197287095
63.18066580043481 20.7008246439104
62.89856231772177 20.639215283501386
62.68611982346346 20.576581630500367
62.547847389940046 20.513634283019094
62.426352173104846 20.460939194426672
62.15752844619732 20.396111201159755
61.83954980521338 20.361120461197864
61.5072857262158 20.314525279819627
61.169260213721515 20.266860174266547
60.83787843348003 20.24004656363413
60.40948592843614 20.200121896736672
60.06028476292826 20.171887765120168
59.52678741586516 20.139805882102856
58.88166098067296 20.104996907716355
58.30485090099086 20.070854854660467
57.79970278960073 20.025822002620764
57.09374444800815 20.011823150432562
56.46640468793095 19.999556274071878
55.817993142785184 19.987043400488638
55.044802643693714 19.98477444861947
54.49217856810037 19.999649421345865
53.67547441549695 19.99775433868514
50.635481482564586 19.97221035460733
51.1119369012373 19.94046493852676
51.68916783393192 19.88507028112982
52.02728772190852 19.839355265661915
52.52351077297337 19.822979570136205
52.87075930956129 19.778560127107013
53.47624736585766 19.74010908883984
54.32288191968914 19.708070264621433
55.384803824876144 19.68288724486259
56.07020430907832 19.675109951241886
56.51943265972295 19.662183994430276
57.07422172104327 19.640626584952614
57.61222494961888 19.631584717859685
58.07347337486638 19.573539911078797
58.41842802560217 19.53667787291062
58.52518401578553 19.44439484944084
58.70483802233983 19.390273990458446
58.81436923482241 19.321118329092045
58.91677919413519 19.26339433060348
58.878145830822376 19.174056130973078
58.80421160564518 19.107026864255122
58.73893583406371 19.03914452856868
58.40217514036675 18.944247682234955
58.24829967497004 18.86898214825298
58.45721767755629 18.79521845301265
58.74681507622984 18.73869700442738
59.186694298246294 18.675383133992447
59.810564073123544 18.66658439612424
60.29774315548394 18.694956332367056
60.73071625599533 18.735122988359542
61.188257953827076 18.763312038931463
62.25605979927869 18.79190580031974
62.44901927802448 18.736158449591535
62.69073307088476 18.66903600056095
62.818815831044645 18.60645808588054
62.91084569051765 18.554607027373713
63.05371684867464 18.490809794118032
63.12284579462835 18.419211551007734
63.10204694185367 18.369858841414235
62.98223306248542 18.261486884005237
63.26214912137547 18.16905627439347
63.58525134270451 18.095910177224194
64.0555698576566 18.018766926671276
64.44277510605261 17.98754855114335
64.88635195881977 17.94502849572116
65.25416711255232 17.893984229586245
65.83294147555097 17.85105966749408
66.39781451434084 17.788064575622546
66.83514065326543 17.72764663956039
67.21447838456504 17.679627005887937
67.72364667618137 17.60878043941784
68.36602477732788 17.562925443318996
69.71416276995109 17.44529279305149
70.21360673474075 17.43092209748743
70.74098141242663 17.45757637782841
71.13547455828197 17.48320434983133
71.5847991868149 17.56288830303516
72.59638976463103 17.504213480511204
72.97018670864409 17.516237317036065
73.46653465157053 17.5149149840234
73.95382103154469 17.5179418167928
74.36618106297723 17.532375191745412
@51.5786665741625 10.110842707966231
51.66057111661584 10.104837351485063
51.76892338313925 10.106765471653476
51.89513328540497 10.109022456028736
51.98273782589686 10.112467319600393
52.07022077949128 10.115918864926225
52.155154867965905 10.121207177501537
52.25787091624221 10.126832547847645
52.33761420367051 10.135805047176014
52.45290100082772 10.145454771947191
52.55006738327339 10.15479147055201
52.61140280588407 10.163472683569333
52.705665165114 10.174675819456057
52.80469359175703 10.182223290808354
52.94145331562689 10.188631022751627
53.1006206728411 10.191719142548113
53.22416727253625 10.194131115278225
53.36509501277405 10.196898545173944
53.503184074345455 10.201525652212304
53.640969926484786 10.206168731092868
53.76353175542661 10.208624261398707
53.86067958224373 10.216296223024443
53.97245613201264 10.226193579566658
54.02912816603137 10.23689457059678
54.09253758827498 10.255387608231649
54.16089767451814 10.27018820077796
54.19700798476097 10.282416709803849
54.23298073942357 10.294651660143318
54.23690957731148 10.30429682847831
54.220798632622945 10.315423820216148
54.18733364129807 10.32617232788794
54.16567552915677 10.340991179997609
54.14663189980587 10.353950050035241
54.13023996932145 10.365051957319132
54.10553315272563 10.381694904731166
54.033686817427906 10.382019486583536
53.967269004678315 10.378652455061054
53.8807074166927 10.376757531499985
53.7766848576625 10.374490300748343
53.719143341238265 10.377044814501582
53.667970217085724 10.38734055046043
53.66882548002218 10.398765004893956
53.73617675252433 10.413557156772637
53.768660669246344 10.427594142962892
53.73739182085268 10.436408669943056
53.6452140714035 10.438156058582283
53.54116739639255 10.435845130123012
53.436958630013805 10.43354159031195
53.297761640926865 10.430481642245926
53.10589600767389 10.42629543120897
52.96325548491157 10.425094494611045
52.82309564101331 10.422076177329153
52.67715155829907 10.422718882736142
52.54579806502193 10.425562306935493
52.411498364219995 10.430223781888415
52.297406524088956 10.433435564236937
52.16549172248165 10.436271374332758
52.08923819646134 10.438409590644303
52.02788114603311 10.44273276435262
51.91880760438943 10.442310389200724
51.82459400955349 10.44407382011754
51.694721702109575 10.445095304686967
51.58794031536593 10.442875064225298
51.480998694929724 10.440661805040943
51.35603112440623 10.438088455799244
51.26935686682805 10.434453033183694
51.20590033852113 10.427584257511633
51.15043714107756 10.415316115334019
51.095574100489245 10.39008029809603
51.11156557454001 10.379260712595892
51.14811979587893 10.36698765551244
51.20257071950394 10.35505964900151
51.25168417244387 10.346734340544218
51.33929780008265 10.337298758117214
51.37035342592904 10.32860502058348
51.421931403476606 10.318446087268956
51.47085033443025 10.310089766513329
51.50695951882503 10.297751946061943
51.542989947115785 10.285405123451966
51.5763752146091 10.274864322300932
51.6173672577585 10.258868336199315
51.66856361871507 10.248652954078194
51.68379101657456 10.237746260860693
51.70147520573747 10.225016556332136
51.6985906582571 10.21376348654881
51.67514257398574 10.203993419100566
51.63360995435403 10.193892209821241
51.59443910200912 10.181978254847786
51.55513136635906 10.170070975122073
51.49762216431495 10.15784262029897
51.42427068649698 10.143481739902958
51.420701322514105 10.13224751985862
51.45567807829289 10.119837085224527
51.5786665741625 10.110842707966231
@49.98979427230421 12.399210224506156
49.98592062907667 12.299077453442202
49.98194075347456 12.198970017209682
49.981619532716564 12.184111322273981
50.10480503109042 12.172632756489017
50.254670682474426 12.156105341207281
50.362886123186485 12.141753208438695
50.49551772212919 12.131800205206455
50.62797088833017 12.12183313101675
50.80149732009201 12.109631595906626
50.97471475143786 12.097408726841389
51.139240321108446 12.088505486288684
51.3528636725911 12.074014008706644
51.52509400918814 12.061728101139082
51.70536756463616 12.046059551791183
51.795379810117936 12.038212024469294
51.95849729551844 12.029231546099478
52.15366175293184 12.021366180132015
52.404497901849226 12.019140190550738
52.55816724781272 12.013527493044116
52.71155950823052 12.00791325808159
53.017515126931215 11.996680074862889
53.193597376148716 11.995613321084997
53.42435337864055 12.000279429166783
53.6142561091695 12.007239574540508
53.72370173791032 12.018723960986888
53.83277515264456 12.030229648940303
53.93304044358729 12.045166056412194
54.078415134917066 12.069311796955127
54.137982683345285 12.086508283633258
54.30428339735144 12.115320268988544
54.45043161810341 12.124760049967044
54.60465607185702 12.130827480989108
54.780488180347874 12.141553103255186
54.9383203265553 12.15913774844291
55.04307785679228 12.17088733145754
55.108244154396516 12.21111183397562
54.87794840656062 12.209197104104065
54.65998460184386 12.215332074902392
54.42400781524225 12.228232386168125
54.26634739812371 12.23682067023328
54.15253403363934 12.25458329656008
54.078092155670106 12.270173503105637
53.9860366657027 12.292446366307075
53.748684687160505 12.331038615895746
53.5460354843683 12.356139087768952
53.38717871634174 12.364544202925929
53.236875964445886 12.36962105807407
52.961913581341946 12.369837082879194
52.75714773688739 12.369201099962577
52.52037059083969 12.36739125575036
52.25119003486316 12.364427806190825
51.940389365072775 12.363631096682017
51.72361723852214 12.366425478701508
51.3289216989227 12.369952396283223
51.10159171945543 12.376077619251218
50.91458080880423 12.38009606138934
50.78291600556594 12.389706345056755
50.616024197375765 12.412358218796411
50.52226800659807 12.43401028202513
50.390153370786635 12.443548872864147
50.2402592466795 12.459567093006747
49.99267925862898 12.466993733515359
49.98979427230421 12.399210224506156
@