74.69410436312265 17.122738466145936
75.00028534299219 17.072352916129073
75.28764242497527 17.00343701742647
75.60495567095546 16.95256592847132
75.88199655942665 16.86169989310744
76.11787829373142 16.795129806482386
76.45246956635455 16.742175831336745
76.71948211275131 16.695417765963644
77.08315772795811 16.66544885065027
77.355768808763 16.71833958893251
77.75943291197126 16.640643870016333
78.17178745734739 16.561637313879714
78.57830964550627 16.454143820245132
79.03534942412008 16.42766079040808
79.49449561592337 16.405331543042934
80.14076037230814 16.601023429028118
80.42982882874438 16.473180766455368
80.71258922627976 16.268400545520898
80.65289107978671 16.023031457121135
80.56772047409672 15.807161545541291
80.47071036786988 15.624406490593298
80.32087076643114 15.402987340766481
80.05479857229003 15.31391803741121
79.73985424541891 15.193640510344954
79.21762785425872 15.188139109225778
78.77840571247572 15.175149106120262
78.01190875676977 15.102532368487713
77.44656471617316 15.043335484423284
77.13020943056549 14.942722052498784
76.75721036835156 14.770800391248772
76.27165364316593 14.574787090435159
76.16464999242814 14.376964289031207
76.28871756295484 14.209420746517841
76.75669074233949 14.04846828486909
77.05151905009018 13.821036842752996
77.33279909800879 13.638084095834483
77.51513031584463 13.474233943798291
77.75415943334406 13.100589877145563
78.08503120779369 12.85936412485669
78.50889693973573 12.636698257025717
78.83460319221763 12.436505810998902
79.11867345049819 12.159326659035129
79.1746370034335 11.87835895287268
79.19727112352373 11.591066480587322
79.19569248961955 11.18590247169203
79.6862491382268 10.868019813677648
79.93690560573694 10.55495040376887
80.29670476033564 10.249352705872246
80.62217145779667 9.926685838446177
81.05718369924338 9.602901207478203
81.26473781272378 9.30472463010712
81.6201933207698 8.942203909125665
81.77527798579294 8.552955444258474
81.87521015667181 8.153691523931498
81.91761594380202 7.748636952205996
81.8929610990831 7.27508433915616
81.68143007852828 6.954870821960453
81.55304889480931 6.5651115200467025
81.40502829967255 6.249095444860384
81.08458775309634 5.966807777435896
80.69117339804649 5.64250042263253
80.26187653318641 5.338260498929699
79.85816977508196 5.104000338584022
79.31270937356214 4.78617737817331
78.92449144370721 4.507566779723998
78.5806875624483 4.28705783808546
78.22067445726043 4.076738748338368
77.77001854300877 3.8371415656691816
77.49224388060671 3.619235189389279
77.19824005430286 3.410447680856379
76.99312401064941 3.182408062006008
76.6699396742772 2.991468471561795
76.25004468783914 2.7786815213663942
75.91281982971378 2.550229400870972
75.65030122493837 2.413108475922705
75.47167409285254 2.25483418526143
75.2855385345728 2.101870861553465
75.07454664630811 1.8572224905887467
74.74082475407246 1.5582398633959471
74.20839632159664 1.433974070234406
73.35791633687523 1.3183861043275868
72.60885059700405 1.264091195375471
72.18792978415368 1.206890409569624
71.51657118276148 1.0934505574024485
70.85614989515554 1.0192670165493354
70.11914728704537 0.9268556214008683
69.22642151858119 0.8337630331350425
68.74024032456387 0.7951104138134895
68.07776145086024 0.7876305723738568
67.03225098498677 0.6881344294761718
66.86266237150599 0.5383276920031186
66.67907597285739 0.42387436742376394
66.60131538989012 0.26756160662840855
66.43941218779477 0.1292770682442992
66.29655271031268 23.9658610956568
66.07892589729008 23.8198734578546
65.93259411882241 23.69243813392451
65.69933311328612 23.60614884987158
65.48872054377568 23.494632394908514
65.34407108893262 23.399359511753843
65.18676433660451 23.33066029330621
64.9201859693944 23.23388269043879
64.58734619508746 23.148025633498776
64.31617480710071 23.076469884522595
63.945583339454316 22.976220735525658
63.5850055232454 22.87582692796837
63.2082992471903 22.798309409335836
62.83753064326123 22.719936223625623
62.45317153436224 22.603541308305225
62.03227537914785 22.472150197083153
61.757755593827 22.38428809658331
61.51930195514359 22.274864675279623
61.36247959742607 22.15972177750172
61.049332815748784 22.022714031022034
60.8626452197623 21.895671260628752
60.689055085324554 21.803954907340795
60.56005728504036 21.727229629543373
60.66279423877609 21.637864692822653
60.689648845645735 21.522893747067535
60.723445833829516 21.41102291315708
60.765163530546204 21.302237077203205
60.88571419730988 21.222919548083333
60.97029463046417 21.161548483130865
61.17221234094333 21.08329543558009
61.304752407830875 21.009926757952158
61.4301182142047 20.965489195031516
61.7421267333132 20.903330379727002
62.134861784203366 20.878704276628625
63.320120501907695 20.71244354767922
63.379163167386906 20.643210699480008
63.6544397095289 20.58219174583831
63.69276728898063 20.49605377538903
63.60759207828025 20.44479006182787
63.43339484434722 20.37374727633627
63.165542121367025 20.323613400040898
62.883176653000135 20.26204816211137
62.67056148076273 20.199462906321767
62.53221312052938 20.1365669906249
62.41066299480474 20.08391493256689
62.1416640517981 20.01913727348009
61.823414799591404 19.984170433802085
61.4908963159192 19.937609859505233
61.15262405025331 19.889981013402508
60.820954440318786 19.86318614402988
60.39221039450683 19.823291289506983
60.04271413043418 19.795078385702492
59.50873232002431 19.763020247776808
58.86300798071065 19.72823807688072
58.28567999960421 19.69412418731189
57.780158349397254 19.649130862629278
57.07344249831732 19.63514418627517
56.445419919287104 19.62288899910543
55.7962937153965 19.610389034354327
55.02215929993096 19.608124405147276
54.468737245933795 19.622986420046256
53.65098750514133 19.621096384012272
50.607080355808534 19.595598938461443
51.08448105223144 19.56388444859076
51.66298354366927 19.50854242358961
52.001953856155126 19.46286918980242
52.49894740348381 19.446503648039446
52.84701564829618 19.40212095040996
53.45355875571494 19.363696065800525
54.30143223765944 19.331673315350898
55.36472246103148 19.30649737386711
56.050911187639315 19.2987182449969
56.50070235428808 19.285796894970893
57.0562099330341 19.264248913548222
57.594810800180284 19.255207866758532
58.05689493382454 19.197196255953955
58.40241643020582 19.160353271539435
58.5098902046538 19.06812133467719
58.69006833567664 19.014026334016233
58.80016761642969 18.944902165452177
58.90306121317661 18.887201842440064
58.86503231531975 18.79789849431561
58.791529509045716 18.73089262653584
58.72670645614002 18.663030949094956
58.39043966319065 18.56816147764997
58.237045655849386 18.492912021839025
58.4466434778646 18.41915579027194
58.7368187493141 18.362636393420722
59.17738293543613 18.299321686145454
59.801618903525366 18.29051648881101
60.28884213159188 18.318881500941444
60.72176458422726 18.35904035482746
61.17935769020792 18.387221998496766
62.24753440895779 18.41580311060544
62.44092154098078 18.36006104959541
62.683144009855994 18.292943039531025
62.81164687905138 18.230368052224613
62.90401410387261 18.178518157843143
63.047306765766876 18.114720599905453
63.11686530076318 18.043120307353078
63.096334668014634 17.9937651231152
62.97708297351275 17.885384139762092
63.25759175185593 17.79294125276581
63.58117474913411 17.719783537714253
64.05201290904154 17.642626841071436
64.4394690174282 17.611403333601526
64.88335593579203 17.56887626308474
65.2514919646311 17.517822852958673
65.830582397001 17.474892500490082
66.39583949408294 17.411887403369214
66.83349626649945 17.351458992621907
67.21309098245632 17.30343148328616
67.7226124032012 17.232572802763762
68.36525164734405 17.186715790842538
69.71396157283684 17.069077840881675
70.21350681599782 17.05471623234204
70.74085604572244 17.0813941191421
71.1353148603828 17.107042080081587
71.58445114174626 17.186762892020415
72.59633199281853 17.128111912139634
72.97013628928076 17.140155390903637
73.4665413829332 17.13885640911927
73.95387076609879 17.141909434740853
74.3662357302471 17.1563696852027
@51.57829277910534 9.733354047639045
51.660240581572424 9.727349662259602
51.76862219432158 9.729275294108533
51.894866128332694 9.731529372770503
51.98248903520471 9.734971509602063
52.06999029972704 9.738420329556611
52.15493690986111 9.743705270419282
52.257670280134306 9.749326857936513
52.337414838255796 9.758294699112781
52.452712654584275 9.767938945567142
52.549885476524 9.77727058621467
52.61121802466903 9.785947568904188
52.70548183756958 9.797145012334969
52.80452268120732 9.804688093047588
52.94130962293232 9.811091272132364
53.10051924284602 9.81417572389149
53.22409846954815 9.816584842635672
53.36506323778579 9.819349009901227
53.50318391855936 9.823972219104807
53.641001193937996 9.82861140448979
53.76359477866552 9.831064083190702
53.86075460657878 9.838731714525503
53.97254277619368 9.848623715586541
54.029208218841745 9.85931994595966
54.09259658207674 9.877805305208504
54.16094593434366 9.892599484102757
54.19704165397772 9.904823009684097
54.233000199977084 9.917052976384143
54.23691064316105 9.926694579676711
54.22077241770259 9.937817754721202
54.18727580452094 9.948562821758763
54.16558208214062 9.963376548758555
54.14650769786155 9.976330918167527
54.130089707291035 9.987428956138714
54.10534432403634 10.004066080124595
54.033474768582494 10.004391521876263
53.96704218913433 10.00102665024692
53.880456720050006 9.999133614619593
53.776405361618174 9.996868649875767
53.71884074099606 9.999422984306056
53.66763215083952 10.009715526099733
53.66846679430091 10.021135649652797
53.735813178884996 10.035921322404445
53.76828295539724 10.049952577747609
53.73698888022915 10.058764163738601
53.644778381743436 10.060512054541258
53.54070195445212 10.058203319418737
53.4364632781857 10.055901973408876
53.297226163005405 10.052844950980116
53.105304894376815 10.048662763395408
52.96261939569189 10.047464074851792
52.82241843810047 10.044448681116194
52.67642451788069 10.045092941393602
52.54502185153669 10.047936856637328
52.41066848888494 10.052598114833877
52.29653223061814 10.055809989971563
52.16456743957258 10.058646237847267
52.08828402428833 10.060784497030042
52.02689823711651 10.065106648542837
51.91778793557074 10.064685718947734
51.82353867897865 10.066449528762453
51.693619542200054 10.067472095826494
51.58680497708872 10.065253990307902
51.47983000978252 10.063042864993907
51.354823320911066 10.060472003783579
51.26812524362197 10.056839072657652
51.204659061931125 10.049973867476321
51.14919939100744 10.03771145038682
51.09436605112478 10.012486734268277
51.110384792472274 10.001671432467527
51.146976813259414 9.989402994950012
51.20147146492468 9.977479221436436
51.25061949807343 9.969156710719876
51.33828354111469 9.959723870545345
51.3693685685989 9.951033272191045
51.42098639505559 9.94087779029814
51.4699404890429 9.932524205028933
51.506089511114965 9.920190875629242
51.542160156816266 9.907848523786663
51.57558095074933 9.89731148316292
51.61662416474411 9.88132130168471
51.66786193654062 9.871109249800043
51.68312059488446 9.860206650713385
51.70084165344724 9.84748170593891
51.697983924031604 9.836233097835288
51.674552500429826 9.826467205250557
51.633031725027934 9.816370566824496
51.59387855147162 9.80446185496266
51.55458892872372 9.79255981462526
51.497093207573585 9.780337099837759
51.42375635430352 9.765982933566496
51.42021660891746 9.754753125912279
51.455239221319374 9.742346933485486
51.57829277910534 9.733354047639045
@49.98893274965636 11.999184870699136
49.98502406367194 11.899057004144478
49.981443975484694 11.805867288134744
50.10442468996695 11.794409663387787
50.254272266692 11.777886219195112
50.36246903801637 11.763537487928621
50.495099346802675 11.753587132352717
50.627551870090656 11.743622731118718
50.801080733204 11.731424550951791
50.974301597472646 11.719205072817575
51.13883812151877 11.710304499679998
51.35246972542339 11.695817148157627
51.52470643298548 11.683534728972571
51.70498133959771 11.667870484378783
51.79499475130163 11.66002512776335
51.95812689123392 11.65104742552039
52.15331602163545 11.643184746332148
52.40420158251058 11.640960444771219
52.55789241119413 11.635349745979237
52.71130644595124 11.629737514244757
53.01730646077846 11.61850834948513
53.19342542715893 11.617442695662605
53.42424132367199 11.622108902169
53.614199073427756 11.629068469208498
53.72369050568142 11.64055091463088
53.83280949659422 11.652054705966398
53.933124874640725 11.666988499718688
54.07857676281117 11.691130076649326
54.13819007094901 11.708323454319345
54.30458111427225 11.737130822150323
54.45077723879075 11.746569718681814
54.60504436403119 11.752636988757653
54.78093216619931 11.76336177175175
54.93882921865335 11.780944305905411
55.04362973663058 11.792692540295073
55.108886617495216 11.832910722888744
54.87854387750852 11.830994685114383
54.66055169983588 11.837127127398784
54.424557887626236 11.850023691770515
54.26688674949821 11.858609495873814
54.1530910321149 11.876368490877969
54.07867002517523 11.891955737669278
53.98664802343677 11.914224561043522
53.74934430608974 11.952809519014897
53.54672147604393 11.977905083453784
53.38785974437954 11.986307949813732
53.23754579551286 11.991383081062512
52.962541068008335 11.991597199830482
52.75774184830317 11.99095993442471
52.52092345831244 11.989148786678742
52.25169369275295 11.986184025931015
51.94084327859258 11.985385497029272
51.72404582108496 11.98817817454419
51.32930088832126 11.991702274341598
51.10195479838427 11.997825342555169
50.91492828115918 12.001842178579496
50.78327281079163 12.011450415347934
50.61642537294344 12.034098361228184
50.52272237242224 12.055747163168276
50.39061985001436 12.06528386892523
50.240756664923566 12.081299377184388
49.992440964074234 12.088745755804068
49.98893274965636 11.999184870699136
@