74.69406968932279 17.40051837714846
75.0002197529723 17.35013140534316
75.28753851334903 17.28121521750159
75.60482308379093 17.230342297138137
75.88181883814823 17.139477280984178
76.11766856745365 17.072907434687128
76.45223413881146 17.01995101174214
76.71922515413584 16.973191085561787
77.08288635936859 16.943217018592087
77.3555173351443 16.996098528913723
77.75914853481413 16.918399006490315
78.17147160230974 16.839387994831377
78.57795398355827 16.731891705491115
79.03498464206587 16.705397615847147
79.49412378998503 16.68305568160287
80.14045659237152 16.878710552713677
80.4294817883198 16.750865770953922
80.71217685589781 16.546089893696934
80.65240384031327 16.300744666225793
80.5671714702085 16.08489862605136
80.4701122422702 15.902165649313819
80.3202172257532 15.680775236200482
80.05412213190908 15.591725057768848
79.73914870782752 15.471471070412237
79.2169161715982 15.465986568339899
78.777687213358 15.453010474590897
78.01116856424451 15.380420940180485
77.44580806642031 15.321243074906507
77.1294318036135 15.2206466683239
76.75640193706502 15.048749937874454
76.27081540158494 14.852765180948786
76.16379025385842 14.654963492876405
76.28784463731623 14.487433725925005
76.75580866874887 14.326488163946728
77.05062618728851 14.099072130365975
77.33189992982454 13.916130478965748
77.51422716640525 13.752291053534794
77.753253190599 13.378672725370064
78.08412395721106 13.137459788545376
78.50798771808715 12.914803713448686
78.83369287029274 12.714620747225318
79.11776436885128 12.437456559975777
79.17373394111203 12.156505550598235
79.19637545707229 11.86922904926194
79.19480789344036 11.464085461264972
79.68536183596129 11.146218981586546
79.93602072230334 10.833166506687398
80.29582084502138 10.527588075927717
80.62129154555114 10.204943658002254
81.05631004831503 9.881187113203033
81.26387548483552 9.583035054589198
81.61935016467666 9.22055063898124
81.77446260669007 8.831336629240209
81.87443055176905 8.432107271032516
81.91688026814813 8.02708568305154
81.8922864817651 7.553567280424476
81.68079701946408 7.23336505164052
81.55247847218277 6.843624806444129
81.40451349222005 6.527620013389463
81.08411872267288 6.245331155546747
80.6907611057307 5.921020163273351
80.26152009771806 5.616773090256157
79.85785653771961 5.382503895208121
79.31246079427837 5.064668154624012
78.92430987594622 4.786048180343837
78.58056069208416 4.565529520155614
78.22060088662678 4.355199319153197
77.77000668963163 4.115587369327539
77.49229595238128 3.897669656313898
77.19835298660189 3.68886941821809
76.99330790414848 3.460817055154372
76.67017664077389 3.269862644068475
76.25033767353955 3.057057344870657
75.9131746169003 2.828586966733475
75.65068963041142 2.691453792517649
75.47210353753604 2.5331672783753945
75.2860052156233 2.380191795609619
75.07507122472063 2.1355252467771493
74.7414102987413 1.836519743057373
74.20899177299447 1.7122399485591728
73.35850629269262 1.5966359166779398
72.60942340557969 1.5423304778762166
72.18849710224202 1.4851228961560992
71.51713168087946 1.3716721125433864
70.85669424094968 1.2974803700816722
70.11967240986198 1.20506056531854
69.22691614438702 1.1119598527253025
68.74071458232615 1.0733036740982485
68.07819873296063 1.0658200963285758
67.03263933340943 0.9663182598778661
66.86306541739569 0.8165113172184775
66.67948912906121 0.7020586330082992
66.60175857964896 0.5457483119065998
66.43988133234436 0.4074668618879542
66.29706382494973 0.244055681356258
66.07947773663182 0.09807348138598115
65.93319190090278 23.97064340742161
65.69995957038054 23.884358704262283
65.48939539219637 23.77284808871334
65.34479476201665 23.67758015103901
65.18752467855384 23.608885019850938
64.92100241863767 23.512113757872598
64.58821665942708 23.42626352451625
64.31709626356252 23.354713569150725
63.94658560560865 23.254472569615906
63.58609982726466 23.15408679699737
63.20947363410224 23.076576831372556
62.838794677024 22.998211095448607
62.454578737712524 22.881824215139297
62.03386083644017 22.750440857619886
61.75946941021047 22.66258299496878
61.52117656841011 22.55316187726516
61.364521000343956 22.43801812541369
61.051591934432736 22.30100940337565
60.865097673038406 22.173961500792075
60.69165306068032 22.082240710239557
60.56277442013655 22.005510482394236
60.66560539305138 21.91613427514916
60.69259014138032 21.801149217201484
60.72650271873235 21.689263009388817
60.76832089855108 21.58046076718501
60.888919341128656 21.50112918828874
60.97353380914865 21.43974705830759
61.175468898717696 21.36147823510683
61.308030791823285 21.288095300777176
61.43339710818003 21.24364841281968
61.74537301300947 21.181474817125704
62.13803676191699 21.15683963976695
63.3231128623068 20.990536798584156
63.38216062360243 20.92129146929764
63.657392728018976 20.860259326190757
63.69572262199705 20.774106214691397
63.61056759643108 20.722834392625526
63.43640628225302 20.651780670627232
63.16860661842449 20.601640019441966
62.88629424962738 20.540065845658212
62.673714081232646 20.477470788119675
62.535381120396266 20.414564455904383
62.413842133696846 20.361903682778877
62.144878713207646 20.297115829504712
61.826684308355595 20.262144149568126
61.49421739215987 20.215576566453837
61.15599514511382 20.16794037682466
60.824383872580654 20.141141712086466
60.395711080910786 20.101240819955212
60.04627463006065 20.073023617152696
59.512391011726834 20.04096067068609
58.8667878580016 20.006173071976033
58.28956485179171 19.97205347898279
57.784118927208425 19.92705214891411
57.07755660800606 19.913063007712754
56.44967242544851 19.90080545411693
55.80069107446377 19.88830287594352
55.0267479753297 19.886037372741175
54.473487650159456 19.900902013402398
53.65594984134475 19.899010956789265
50.612836145311775 19.873504090695793
51.090045252000124 19.84178333573049
51.668290039095865 19.786430648433072
52.00708800795624 19.740748950411543
52.50392538633818 19.724381350696092
52.851827514562785 19.679991208607703
53.4581567962922 19.641561024329576
54.305779177907624 19.60953501545053
55.368792073639725 19.584357637255323
56.05482103911237 19.576578878419134
56.504498140670904 19.563656593914793
57.05986010306103 19.542106700937364
57.5983398467786 19.533065486540174
58.06025463583671 19.4750471488067
58.405661267173116 19.438200302893435
58.5129896162062 19.34595801427269
58.693061549420435 19.29185777313218
58.80304573365527 19.222727222067938
58.90584133895433 19.16502210038981
58.86768997684382 19.075711688238005
58.79409976639306 19.008701077248837
58.72918499175253 18.940835211529745
58.39281814464408 18.84596018988416
58.23932659254882 18.77070747287365
58.44878665983467 18.696949724699905
58.73884482928 18.64042990849647
59.17927020841458 18.577115366481998
59.80343195466699 18.56831147648064
60.290646220879665 18.596677892355398
60.72357892065929 18.63683832851743
61.181161594254235 18.6650214736207
62.24926232070817 18.69360514820706
62.44256279735541 18.637862012336843
62.68468219232068 18.570743099060742
62.813099935638064 18.508167515156885
62.90539880056363 18.45631738200747
63.048606052366466 18.392519886204077
63.11807753997212 18.320920004882918
63.09749255882426 18.271565319339366
62.978126950771326 18.163186158873096
63.25851561886765 18.070745754043763
63.58200118820386 17.99759038864247
64.05273404136065 17.920436411820003
64.44013931054286 17.88921394217591
64.88396339181978 17.846688290430876
65.25203439414776 17.795636730097783
65.83106077184226 17.75270754820309
66.39624003730734 17.689704474730743
66.8338298054581 17.62927818305908
67.21337244213265 17.581252266888416
67.72282229952268 17.51039603720093
68.36540862051186 17.46453943108982
69.71400263971861 17.34690254854196
70.2135273576896 17.3325390976425
70.74088174349336 17.359212201827205
71.13534751474069 17.3848561132481
71.58452196343308 17.464569459884974
72.59634399126836 17.405913645044375
72.97014679792369 17.41795314392223
73.46654031066458 17.416649429925005
73.95386098017156 17.419697147740095
74.36622494559865 17.434151952709843
@51.57836854285611 10.01143682485941
51.660307580268636 10.005432242672384
51.76868324651332 10.007358378654734
51.89492028458761 10.009613046014664
51.9825394696355 10.013055735299973
52.07003702357687 10.0165051074312
52.1549810960305 10.021790731434953
52.25771095593453 10.027413085385907
52.33745525581793 10.036381870366581
52.45275083858732 10.046027226791402
52.54992235497474 10.055359892243981
52.61125548487556 10.064037732059456
52.70551900237126 10.075236328858903
52.804557329467826 10.0827802991629
52.94133875574673 10.089184400691952
53.100539812028046 10.09226959560345
53.22411242757278 10.094679292572113
53.36506969289525 10.097444120855227
53.50318396658895 10.102068119783954
53.64099487460774 10.106708094015712
53.76358202474424 10.109161350461452
53.860739420496 10.116829859164529
53.972525235083396 10.126722945313123
54.02919201266786 10.137420140271479
54.092584641879995 10.155907055293303
54.16093616828741 10.170702533696648
54.197034843653455 10.182927069009201
54.232996268010396 10.19515804547909
54.236910437869085 10.20480037111634
54.220777739520145 10.215924319500452
54.187287533065216 10.226670083685406
54.16560102536059 10.241484849133277
54.14653287207008 10.254440130456535
54.13012016131043 10.265538952424027
54.10538259172225 10.282177256344744
54.03351774111252 10.282502523885885
53.96708815382772 10.279137214643544
53.88050752360553 10.27724379651275
53.776462000601896 10.274978372666428
53.718902061239135 10.277532743446926
53.6677006567551 10.287825932446545
53.6685394776471 10.29924693350759
53.73588685201648 10.314033919018678
53.76835949306155 10.328066335515768
53.73707052898965 10.336878517405738
53.64486666602323 10.3386263064846
53.54079626720781 10.336317126983099
53.43656365135675 10.334015336500585
53.29733466663217 10.330957721326987
53.10542467100561 10.326774718577326
52.96274828539356 10.32557557458
52.82255565839694 10.322559588525694
52.676571836240726 10.323203533800811
52.54517913323832 10.326047349585654
52.41083664336921 10.330708651734739
52.29670938498714 10.333920508101109
52.16475472270801 10.336756667309842
52.088477363512055 10.338894917825563
52.02709739880402 10.343217276464824
51.91799454560308 10.34279605400718
51.823752514749714 10.344559787075534
51.69384286653536 10.345582134843875
51.5870350241739 10.343363596783819
51.48006681376603 10.341152039146095
51.35506805124422 10.338580673859246
51.26837480053146 10.334947237946729
51.20491057518544 10.328081309353092
51.14945019037012 10.31581773229887
51.09461083388692 10.29059076695678
51.11062405090294 10.27977459721374
51.14720841340517 10.267505223695162
51.2016942055086 10.255580592497765
51.25083523243822 10.247257514901884
51.338489060762555 10.237824119077436
51.36956813135782 10.229132884666868
51.42117788416928 10.218976703444701
51.47012485386509 10.210622563905762
51.506265804727036 10.198288324533628
51.54232830228801 10.185945066826761
51.575741898466276 10.175407264244608
51.616774745179896 10.15941590663434
51.66800412689898 10.149203179965468
51.68325645192857 10.138299751328574
51.70097004082487 10.125573842133987
51.69810687828746 10.114324330012366
51.6746720795972 10.104557591531403
51.63314890507692 10.094460026980935
51.59399215034213 10.082550252780234
51.55469885847381 10.070647150857248
51.49720040681652 10.058423293312119
51.423860591525425 10.04406776665714
51.42031484567423 10.032837064963278
51.45532816748283 10.020430012959004
51.57836854285611 10.01143682485941
@49.98976913467732 12.299214818742248
49.985892250765914 12.199081641191661
49.98191188680721 12.098973870940046
49.9815898181094 12.084092851250858
50.104501796173935 12.072641246291207
50.25435303402594 12.056116997476575
50.36255358717776 12.041767576994122
50.49518415662476 12.031816684964342
50.62763680943678 12.02185174215139
50.80116517899546 12.009652882229362
50.97438534678437 11.997432717049813
51.13891965055788 11.98853160347084
51.35254958131284 11.974043415962193
51.52478499713283 11.961760289990783
51.705059628944696 11.94609517319632
51.79507280384189 11.938249376767432
51.95820197383779 11.92927111206144
52.15338610440145 11.92140788852578
52.40426165307639 11.919183245011059
52.55794812851141 11.913572141279188
52.71135775094089 11.907959503690735
53.01734876942891 11.896729524792342
53.19346029599447 11.895663648150885
53.42426405683656 11.900329834793348
53.6142106587896 11.90728951908466
53.72369281079324 11.918772357848113
53.83280256751411 11.930276533528243
53.933107797523434 11.945210856927893
54.07854404505608 11.969353277577447
54.13814808208983 11.9865472852451
54.30452082402894 12.015355588790062
54.45070724256638 12.024794664596937
54.604965721829444 12.030861967348947
54.780842239640464 12.04158692047965
54.93872614138547 12.05916988246465
55.043517949575374 12.070918390176166
55.108756478060116 12.111137853433743
54.87842325980702 12.109222080581828
54.66043683157838 12.115355035134494
54.42444646994056 12.12825235865543
54.26677750467792 12.136838665218594
54.152978212563966 12.154598396012412
54.07855297751871 12.170186242529004
53.98652419149769 12.192455884488771
53.74921069751443 12.231042319931749
53.54658252525368 12.256138878733905
53.387721799966755 12.264542200724154
53.23741012032244 12.269617681240529
52.96241397315174 12.26983218612654
52.75762151629007 12.26919518051483
52.52081148350703 12.267384296814098
52.25159168916409 12.26441980165
51.94075135476467 12.263621641301484
51.72395903036988 12.26641466413205
51.329224106601515 12.269939334772948
51.10188128172891 12.276062839544503
50.91485792729105 12.280080000965336
50.78320056665066 12.289688652479049
50.616344139967765 12.312337394269006
50.52263036331408 12.33398685707652
50.390525387255366 12.343523944796315
50.240655934432226 12.3595400025697
49.992656735271595 12.366977351798637
49.98976913467732 12.299214818742248
@