74.69379164584527 17.315334092210655
74.99969843726191 17.26493598318244
75.28671566219239 17.196017587932403
75.60377459123652 17.145130308455446
75.8804152189399 17.05427339999001
76.11601312532318 16.98770550944657
76.45037645841072 16.934729881086415
76.71719805150857 16.887955361935713
77.08074584269784 16.857940797259072
77.35353329343343 16.910749658315098
77.75690557422158 16.833020295042736
78.16898093739968 16.75397431716883
78.57515009636026 16.646456151486618
79.03210891487231 16.61987509578131
79.49119254433612 16.597433396066506
80.13806044627702 16.792796870146844
80.4267452447472 16.664935588501606
80.70892633810047 16.460194148928764
80.64856447523576 16.21503688952767
80.56284637436238 15.999378827211173
80.46540087225458 15.81681966113215
80.31507012669024 15.595655427187761
80.04879502339463 15.506755701940984
79.73359286517388 15.386686899657501
79.21131209979868 15.381335270052624
78.77202960949364 15.368468552526778
78.00534047976828 15.29609297063859
77.43985063624848 15.237064694970089
77.12330945841657 15.136602225313439
76.75003741651989 14.964901628708699
76.2642165401526 14.76914141950077
76.15702240534864 14.571505836449026
76.2809731307292 14.404084452365494
76.74886524197728 14.243193194263227
77.04359796981765 14.015898389247496
77.3248221674074 13.833044032558192
77.50711813688048 13.669288992439535
77.74611994216397 13.29587313104727
78.07698282728433 13.054761007312544
78.50083110719751 12.83218196851353
78.82652762366479 12.632073571764833
79.11060890951987 12.355027090049221
79.16662587143236 12.074207404349426
79.18932559760782 11.787056518441695
79.1878451452198 11.382073548334471
79.67837775978137 11.06433430197441
79.92905564100468 10.751415012494553
80.28886332218988 10.44598809664944
80.61436544156214 10.123520215814608
81.04943309609791 9.799984516970683
81.25708751553373 9.502025267124688
81.61271286196356 9.139826335046788
81.76804366319871 8.750883303611154
81.86829286810129 8.351925803622112
81.91108800071333 7.9471637122340155
81.88697438203783 7.473914543150321
81.67581181635711 7.15380127035232
81.54798597259631 6.764211135650047
81.40045852224296 6.4482952896564925
81.08042397425561 6.1659972563904155
80.6875128708999 5.84165786089655
80.25871149245955 5.537354731600644
79.85538797346021 5.303014588076493
79.31050121587108 4.985078462834558
78.92287780328519 4.706384864281421
78.57955922452197 4.48578983824412
78.22001904868077 4.2753722937882195
77.76991078424001 4.035644226168046
77.49270333859045 3.8176373833686554
77.19923956349237 3.6087370346924814
76.99475318757493 3.3805844492301063
76.67203984444126 3.1895134318364136
76.25264202409235 2.976563740310702
75.91596562743155 2.7479496851457554
75.65374538966685 2.61072010118275
75.47548245674463 2.452337384890221
75.28967735470175 2.2992661990786445
75.07919926198812 2.0544565691437313
74.74601840965514 1.7552709785057417
74.21367796596215 1.6308809375046778
73.36314934058916 1.5151503935190505
72.61393155507898 1.4607620334344418
72.19296207867052 1.4035009397628677
71.5215430419531 1.289964083761646
70.86097851278396 1.215707761489746
70.12380542179201 1.1232217410195346
69.23080915546078 1.0300570591880849
68.7444472947019 0.991372855198442
68.08164043127402 0.9838598568959256
67.0356959041487 0.8843131920226242
66.86623766833307 0.7345046352359219
66.68274095220576 0.6200569927278288
66.60524677832319 0.463765880206779
66.44357379872412 0.3255087450002421
66.30108659987886 0.16213529371563595
66.08382100913664 0.016195907375418983
65.93789673707803 23.888807170089315
65.70489006096358 23.802558534070265
65.49470670243088 23.691093897704803
65.3504903051203 23.595864903032094
65.19350878452465 23.527201956614057
64.92742804795685 23.430480626216006
64.59506732860464 23.34468412501146
64.32434818470773 23.273179793532357
63.954473409798055 23.1730029738901
63.59471186777881 23.072680484672297
63.218715809543056 22.99523000644559
62.848742241779604 22.916922949722775
62.465652888906874 22.800599374958843
62.046337656975055 22.669277121651234
61.7729562867917 22.58145266669071
61.535928805996605 22.47204973719659
61.38058581728612 22.356899310038948
61.06937005226692 22.219882966428656
60.88439729870049 22.09279469716181
60.71209790391936 22.001038995152925
60.58415703096253 21.92426980764362
60.68772808246021 21.834804851767153
60.715737163802544 21.719708661802734
60.75055954062151 21.607701371855825
60.793168620828084 21.498769904573813
60.914143165100796 21.41932765200931
60.99902555127923 21.35785835673962
61.20109752214353 21.279465254859318
61.33383123696618 21.205970005274168
61.459201604945264 21.161449652506032
61.770920924580025 21.099159612168236
62.16302364904374 21.07445294534233
63.346662675765714 20.907818335118677
63.405750436986494 20.838474674799237
63.68063275482882 20.777338623359505
63.71898068352064 20.691066225271804
63.633984374387694 20.63973051994529
63.46010552565647 20.568590633336186
63.19272323379283 20.518396602168625
62.91082849934267 20.456752023664453
62.698523546951236 20.394079741940928
62.560311518266474 20.33109134531623
62.438859963458185 20.278361913391812
62.17017576309999 20.21349374672306
61.85241274723509 20.1784839287535
61.52035133674809 20.131861124889497
61.18252237871897 20.08416707852439
60.85136994151384 20.05733850716192
60.423257511181504 20.017390043382747
60.074291457812336 19.989138966708918
59.541180123656744 19.957038127002843
58.896530079566844 19.922207753630165
58.32013260680526 19.888043217641457
57.81528198369895 19.842978816655453
57.10992722987427 19.828970236521087
56.483131518408044 19.81669402185312
55.83528936408774 19.8041708363674
55.06285095155212 19.80189842133772
54.510862756655825 19.816783723592422
53.69499162518417 19.814884599587643
50.65811649346074 19.78930342790769
51.13381871793709 19.757533342855023
51.710036332241316 19.702096701342306
52.0474784171584 19.65634835794155
52.54308757572946 19.639964571774964
52.889682771271936 19.595515822419742
53.494330051336874 19.557043934617692
54.33997737231934 19.52499230810858
55.40080896870947 19.49980366690953
56.08558137974046 19.492027852805837
56.534361219130716 19.479098232185834
57.08857764985191 19.457533316429
57.62610462490815 19.44849080769737
58.08668682816048 19.390419539361666
58.43118960808289 19.353542316320215
58.5373731762821 19.26121856495881
58.71660927696669 19.207077097708137
58.82568749963781 19.13789633872103
58.92771180934719 19.080153476636056
58.888596372826356 18.99078751013447
58.8143180738835 18.923739605423563
58.74868126142883 18.85584082043849
58.41152658549041 18.760922178236573
58.25726716294989 18.68564385511895
58.46564320740154 18.611874247166014
58.75477996653035 18.555351194891944
59.194113215719966 18.49203802987652
59.81769122250566 18.48324445554278
60.30483525715806 18.511621905691925
60.737848875216685 18.551794770029986
61.19534972601036 18.579989720637244
62.26285298621997 18.608593572350983
62.45547151961887 18.55284203109179
62.696779779962895 18.48571607635257
62.82452760224467 18.423135858229347
62.91628849428611 18.37128389720648
63.058823616889924 18.307486955258234
63.12761007220942 18.235890381985477
63.10659737276595 18.186539669640766
62.98633527581052 18.078174961747855
63.26577885753096 17.985754189936557
63.58849785546258 17.912617394854863
64.05840218350133 17.835484906401664
64.44540750058843 17.804270640574362
64.88873722988234 17.76175620184463
65.25629663425207 17.710719252825786
65.83481909654449 17.66779933131712
66.3993860337495 17.60481224906229
66.83644864713457 17.54440269416244
67.21558155571319 17.49638936311969
67.72446839429503 17.4255524885669
68.36663836873629 17.379699123139652
69.71432052741878 17.262070755379515
70.2136837763189 17.24769282458428
70.74107874622541 17.27432827800034
71.13559926201262 17.299940306442693
71.58507402718146 17.37959484412893
72.59643323139511 17.320901046184797
72.97022431351493 17.332909221043224
73.46652669728607 17.331568276253705
73.95377879241039 17.33457422995656
74.36613488419951 17.348986175909083
@51.578964389036855 9.928636324635708
51.66083443616736 9.922630194241453
51.76916330719732 9.924560298878394
51.89534607850186 9.926819600594277
51.98293597862079 9.93026663863333
52.070404335989906 9.933720357332604
52.15532844530398 9.939011358608369
52.258030687332706 9.94463974552118
52.33777296842459 9.953615959230126
52.453050987184525 9.963270052468012
52.55021224212783 9.972610784302326
52.611549962582444 9.981295370515843
52.70581117039674 9.992503045527233
52.80482970193441 10.000054018048607
52.94156772904114 10.006465380644707
53.10070139192459 10.009556425678321
53.22422197936484 10.01197067443828
53.365120198532 10.014740706247439
53.50318405250587 10.019370921649045
53.6409448531717 10.02401710542562
53.76348136416334 10.026474909838168
53.860619626507315 10.034150324472556
53.97238691680724 10.044051951486557
54.02906421174751 10.054756738528047
54.092490433954964 10.07325589860612
54.16085908568084 10.088061605209074
54.19698103501244 10.100294087840481
54.23296512408845 10.112533011948498
54.23690863281428 10.12218102285663
54.22081944467206 10.133311057769733
54.18737967096578 10.144062308728254
54.16574995809347 10.158885247286193
54.146730855847125 10.171847705863371
54.1303597082929 10.182952698322634
54.10568364857059 10.19960028902953
54.03385582774601 10.199924185055878
53.96744978781632 10.196555431155566
53.88090724042891 10.194659002014252
53.77690764336256 10.192389964174133
53.71938454974597 10.194944620767888
53.668239707891416 10.20524290351162
53.669111415796806 10.216670811244153
53.73646659097463 10.231468129528682
53.76896178712809 10.245509685397105
53.737713056073744 10.254326557370726
53.64556141940483 10.256073545399234
53.541538466340654 10.253760867804452
53.43735354752897 10.25145557848374
53.298188551464534 10.248393297278586
53.10636727684695 10.244203877605448
52.96376261453938 10.243001148136077
52.823635550832336 10.239980499360437
52.677731205447884 10.240621964609522
52.546416920548864 10.243464996957602
52.412160007867556 10.248126644442166
52.298103584950525 10.25133835254376
52.166228642539465 10.254173813262744
52.08999894895814 10.256311995218397
52.0286648129175 10.260635983878046
51.91962058078386 10.260212455811077
51.82543542075189 10.261975584389052
51.69560045197127 10.262996205497652
51.58884551820498 10.260774262408454
51.48193048504052 10.258559301448534
51.356994103289395 10.255983967981095
51.27033883600919 10.252346558465504
51.206890001353514 10.245474935553982
51.15142398630681 10.233202228092061
51.09653725225101 10.207957558778192
51.11250698007066 10.197134557546155
51.14903105688694 10.184857816981175
51.20344710913798 10.172926435295999
51.25253298629005 10.164598896109746
51.340106411916906 10.15516112731742
51.3711385906083 10.146464886765823
51.422684790399074 10.136303201529126
51.47157568068445 10.127944699720967
51.50765309486383 10.115603298354024
51.54365145006443 10.103252911018338
51.577008385624 10.092709111467737
51.6179596199523 10.076708497125914
51.66912295735861 10.066490459791929
51.68432542403849 10.05558050215491
51.70198020871345 10.04284700249313
51.69907427153785 10.031590375186205
51.675612896940976 10.021816978840372
51.63407082674479 10.011712124862347
51.5948858705064 9.999793989187495
51.55556368466722 9.987882531739203
51.49804372502811 9.975649679680075
51.424680575846565 9.961283445586416
51.421087588313526 9.95004570739604
51.456027773198684 9.937631890488618
51.578964389036855 9.928636324635708
@49.98912154159498 12.199179370160229
49.985223512313326 12.099051545495382
49.98145020630963 12.00253604335826
50.105107922623006 11.991012007780268
50.25498799587285 11.974481426206362
50.36321833090622 11.960126581330616
50.495850965196695 11.950171466900937
50.62830465060699 11.940202261332102
50.80182915187555 11.927998050997518
50.975043854020726 11.915772477999058
51.13956069555928 11.906867110352529
51.3531774763523 11.892372342596907
51.525402740754856 11.880083653353747
51.70567522798558 11.864411671417846
51.79568654809236 11.856562413180253
51.95879235454535 11.847579720987804
52.15393714459904 11.839712212331316
52.40473389869513 11.837484876184464
52.55838611944131 11.831870584679317
52.71176102204595 11.826254752115792
53.017681249189025 11.815018364113849
53.19373422412616 11.813950732822978
53.42444247048033 11.818616761727714
53.61430133050027 11.82557736760934
53.723710434402165 11.83706330125303
53.83274750559795 11.848570500987313
53.9329728548754 11.863508991978952
54.078285985656805 11.887658051539974
54.13781704177117 11.904857016694189
54.30404572285232 11.933672682780148
54.45015574573367 11.943113168350118
54.6043461749268 11.949180727121595
54.78013387423417 11.95990701783014
54.93791426309551 11.977493345390322
55.04263751422238 11.989244003148896
55.10773157235812 12.029473543696808
54.877473291411604 12.0275598574153
54.659532104892605 12.03369684481351
54.42356888593886 12.046600144023829
54.265917011968014 12.055190405717376
54.15208956861386 12.072955927329282
54.07763104248514 12.088548493616356
53.98554884137644 12.110824577599399
53.74815836429758 12.149422640663836
53.545488120878076 12.174527025241881
53.38663530481438 12.18293393363094
53.23634147629829 12.188012163561956
52.961412851361644 12.188229708856708
52.75667361508164 12.187594749081253
52.51992935111113 12.185785944904051
52.25078802840443 12.18282354159411
51.940027016640045 12.182028283569876
51.723275082448765 12.184824025104797
51.32861891733705 12.188353190257889
51.1013017765728 12.194480131628872
50.91430330442677 12.198499854682886
50.782631053073715 12.208111770392893
50.615703853658715 12.230766775539745
50.52190524105612 12.25242143853275
50.389780939992505 12.261961532348367
50.23986213706635 12.277981914485109
49.992535608047746 12.285402823128074
49.98912154159498 12.199179370160229
@