74.69416994944686 17.050606941673486
75.00040977526388 17.000224101884456
75.28783979924125 16.931308758891582
75.60520762621087 16.880441159938783
75.88233442477465 16.78957319155812
76.11827707872769 16.723002652611967
76.4529172710512 16.670053341019365
76.71997079974432 16.623298821407722
77.08367384088575 16.593339714879377
77.35624704775532 16.646248014759234
77.75997377886492 16.568559542408522
78.17238823825943 16.489561474293794
78.5789861955889 16.38207331169696
79.03604332738851 16.355611337918333
79.49520291924739 16.333306243868027
80.14133813008524 16.52906857319713
80.43048892924264 16.401229958181645
80.71337368307104 16.196441489953365
80.6538180645639 15.951027001474117
80.56876504333826 15.735111664117985
80.47184845541179 15.552314592045706
80.32211435630984 15.330840749266812
80.05608576395511 15.241735040659204
79.74119683853661 15.121412704680548
79.21898215380446 15.115879129824261
78.77977299478968 15.102862645849395
78.01331734772435 15.030194121427884
77.44800464388643 14.970961031866494
77.13168929813281 14.870315191412672
76.75874888605728 14.69834607364791
76.27324891995193 14.502278437847682
76.16628619986446 14.304415446885434
76.29037887920205 14.136845682873947
76.75836947578 13.975880089342265
77.05321832819541 13.748419317226201
77.33451038337284 13.565445450042361
77.51684918391791 13.401574879414062
77.75588419884468 13.02788181710149
78.08675789548835 12.786631669575689
78.51062738144572 12.5639471606346
78.83633572994205 12.363736668778003
79.12040362968193 12.086529029148892
79.17635572741099 11.805529537616684
79.19897577129734 11.518206661769812
79.19737606638199 11.11300377823753
79.68793786302959 10.795090320812529
79.93858972349713 10.481988671083045
80.29838703066886 10.17635429269281
80.62384610232104 9.853644685948414
81.05884641670028 9.529806583280292
81.26637896875829 9.231583327111373
81.62179797001062 8.868993487031776
81.77682974755697 8.479679429106252
81.8766938068861 8.08034971508662
81.91901595905932 7.675232358566199
81.89424487324601 7.201614632564363
81.68263474156444 6.88137963932572
81.5541343223556 6.491584077360223
81.40600786192644 6.17554654128984
81.0854801843802 5.8932611548952885
80.69195783836034 5.5689607410135515
80.2625546639114 5.264734441153529
79.85876569245431 5.030491488819262
79.31318223711187 4.712692868401497
78.9248367739801 4.434100127934627
78.5809287978573 4.213609693061539
78.22081425989694 4.003311759472119
77.77004089628676 3.7637426910542118
77.49214458088008 3.5458578991491905
77.1980249358821 3.3370946244437647
76.99277385075709 3.1090792675800287
76.66948851908131 2.9181678878368658
76.24948693298211 2.705415862469323
75.91214447027966 2.4769984926217603
75.64956189341359 2.339900881097037
75.4708566656521 2.181649855148059
75.2846502487308 2.0287096729105194
75.07354818373918 1.7840958982377586
74.73971027558164 1.4851568081413902
74.20726299678847 1.3609176593277361
73.35679348013508 1.2453602660620575
72.60776038063563 1.1910853945341948
72.18685002077473 1.133897541184556
71.51550440442139 1.0204784915478058
70.85511386190933 0.946310558213213
70.11814784290988 0.853915166569557
69.22548012031871 0.7608380389201663
68.73933769267325 0.7221921929550561
68.07692919360005 0.7147194616458705
67.03151186176649 0.6152341537061687
66.86189527544249 0.46542780681924967
66.67828963412816 0.35097326358171443
66.60047188913029 0.1946558599597168
66.43851928749709 0.056365444224084627
66.29557992856104 23.8929403521529
66.07787560364821 23.74694236592792
65.93145638180718 23.619497051264233
65.69814079762781 23.53319904961254
65.4874361232018 23.421671482297867
65.34269373889731 23.326389188144777
65.18531719296101 23.25768219183326
64.91863203335657 23.16089252261363
64.58568944732428 23.075022480747297
64.31442100147655 23.003455707006736
63.943675721489825 22.9031910505702
63.58292272134918 22.802781953925994
63.20606401404223 22.72525006321348
62.835124774652144 22.646862702213443
62.45049315821754 22.530452499374135
62.029257716880466 22.39904663704102
61.75449361510695 22.31117647504731
61.515733922587515 22.20174867395044
61.35859410935271 22.086607405387728
61.04503293905523 21.9496015201209
60.85797736605613 21.822568519703857
60.68411025581898 21.730860612645024
60.55488565694972 21.654144756062408
60.65744367542027 21.564801266632102
60.68405059318522 21.44985717518262
60.71762758911919 21.33801559537573
60.75915404386498 21.229260976944087
60.87961378718384 21.14997018073752
60.9641294467323 21.088620169277423
61.16601408807611 21.010397137730354
61.298512616972005 20.93705558582397
61.42387745570545 20.89263576519895
61.73594805671462 20.830505071722776
62.128818826521865 20.805896233753558
63.314425130106514 20.639715629783044
63.37345808847098 20.57050652857592
63.64881920417784 20.509512669996095
63.68714236410568 20.423403507540634
63.60192872387074 20.372155221434845
63.42766310613857 20.301133243967087
63.15970937943837 20.251012257466186
62.87724282601761 20.18946402088052
62.664561009978144 20.126897414108633
62.526183319384444 20.064021317364016
62.40461197435843 20.011385841083587
62.13554539419678 19.946627577885966
61.817191730334855 19.91166994711041
61.484575072021016 19.86512270786131
61.14620757750501 19.817507833714206
60.81442691168877 19.790720185137125
60.38554721534334 19.750836817607176
60.03593708229434 19.72263209287361
59.50176834407722 19.69058310310097
58.855813302777136 19.6558112584097
58.27828547368915 19.621708219672307
57.77261964254177 19.576730126241017
57.065611516006044 19.562748138029704
56.437325470460564 19.550497451937094
55.787923504649854 19.538002458183477
55.01342487925177 19.53573948980939
54.45969495282202 19.55059650684292
53.641541744111976 19.548708410481385
50.59612394447666 19.52322888196381
51.073889367838945 19.491526314576443
51.65288242483541 19.436204579824633
51.992180795949594 19.390547453509477
52.48947164581247 19.374185829410372
52.83785609289413 19.329817299298483
53.444806239237096 19.291402501939057
54.293157728162555 19.25938595533138
55.35697589047723 19.23421275180964
56.04346875149858 19.226432921224582
56.493477052586854 19.213513351231803
57.04926182046199 19.191969009744447
57.588093259565994 19.18292828391575
58.050499719570126 19.12492947729956
58.396239849697395 19.088093843497024
58.50399039034349 18.99588160959312
58.68437064351801 18.9417965844446
58.79468897574523 18.872684565467868
58.89776907172143 18.814993377746
58.859973238170596 18.72570347771913
58.78663677126087 18.65870664048854
58.72198827769887 18.590852937960456
58.385911886210295 18.495994034923868
58.23270352073925 18.420750790863536
58.442563540116964 18.346997451855742
58.73296170652631 18.29047885823472
59.17379010655418 18.22716384245663
59.798167371819005 18.218356159003704
60.285407680606994 18.246718498342464
60.71831065145665 18.286874338756448
61.17592363558802 18.315053123891943
62.24424503759212 18.343629359656948
62.43779710372621 18.287889348679283
62.68021575792457 18.22077306298044
62.80888064894947 18.158199216001147
62.901377984856936 18.10634978011702
63.04483321178594 18.042552109046554
63.11455742670273 17.970951039462587
63.094130235668246 17.921594909891628
62.975095353928936 17.81321046545227
63.25583275271558 17.720762861921656
63.57960119957005 17.64760068099027
64.0506398089635 17.57043881430311
64.43819269178499 17.53921333439484
64.8821992220351 17.496683567266906
65.25045902869229 17.445626640653764
65.82967139189111 17.402694064024146
66.3950766424081 17.339685120439345
66.83286095755003 17.279252681169993
67.21255480687094 17.231222143272014
67.7222124489308 17.160358803376774
68.36495243438583 17.114501022791814
69.71388299004619 16.996861050261884
70.21346730392511 16.982502949830504
70.74080672052884 17.00918993847484
71.13525229440162 17.03484560582102
71.58431592702522 17.114580621970966
72.59630874561304 17.05593884986174
72.97011587764754 17.067989903367334
73.46654301428717 17.066699929340274
73.95388898234492 17.06976305797865
74.36625584627717 17.0842336726187
@51.578148544972976 9.66064609524839
51.66011302925338 9.654642084506175
51.76850596029732 9.656566756925782
51.89476301969796 9.658819715220638
51.982393010787916 9.662260800640283
52.0699013381188 9.665708569709828
52.15485277889124 9.670992210423776
52.25759283114937 9.676612339275186
52.33733788184759 9.685578384184437
52.45263995043061 9.695220518135866
52.549815258279665 9.704550208361773
52.61114670012779 9.71322555974607
52.70541107647247 9.724420808062535
52.804456710610225 9.731962195703442
52.94125415048174 9.738363619211048
53.10048006976632 9.741446656646232
53.22407187963509 9.743854674946544
53.36505092833045 9.746617584200091
53.5031838040309 9.751239290423642
53.64101319871918 9.755876974499202
53.76361903050497 9.758328553665251
53.86078348816659 9.765994515185445
53.97257614088497 9.77588445109381
54.02923904364812 9.78657884563267
54.092619289001874 9.805061243863939
54.160964504395736 9.819852949483574
54.19705459935568 9.832074553299192
54.23300766792343 9.844302598161214
54.236911018904976 9.853942826646517
54.22076227462367 9.865064529819254
54.18725346843834 9.875808269992225
54.16554601556214 9.890620020552758
54.14645977286946 9.903572654351745
54.1300317341003 9.914669200175789
54.1052714803661 9.931304078444217
54.0333929703819 9.931629851733367
53.96695469586527 9.928265812962945
53.88036001704131 9.926373505299328
53.77629755211356 9.924109414298547
53.71872402197462 9.9266636795226
53.667501756211436 9.936954989506136
53.66832844960075 9.948373442950254
53.735672951210205 9.9631566172311
53.76813727653945 9.977185662633484
53.736833474097494 9.9859961144769
53.64461034658868 9.987744198852397
53.540522445415206 9.985436309451716
53.43627223447007 9.98313580934138
53.297019644730085 9.980079914995878
53.10507692036629 9.975899278791907
52.96237407701875 9.974701457031241
52.82215726390575 9.97168719056441
52.67614412441401 9.972332050310614
52.54472249534095 9.975176154799648
52.41034843915983 9.979837329296045
52.29619505189518 9.983049240118934
52.16421098325668 9.985885656700825
52.08791604173766 9.988023932351904
52.02651917312164 9.992345689635268
51.91739469532868 9.991925317384316
51.823131686307676 9.993689273231293
51.69319449027273 9.994712257617858
51.58636712977943 9.992494975283043
51.47937930208829 9.9902846727379
51.35435752700809 9.987714770850681
51.267650263148454 9.984082800412489
51.20418035748733 9.97721897201939
51.14872204437316 9.964958762575964
51.09390015377002 9.939738327205593
51.109929408585174 9.928924677299483
51.14653600421863 9.916658021218211
51.20104751711426 9.904735880095444
51.25020888435918 9.896414448301849
51.33789236807681 9.886982665696877
51.36898873243649 9.878293277920047
51.420621924418526 9.86813912703899
51.46958957719772 9.859786596699507
51.50575395993644 9.847454999212026
51.54184011270729 9.835114371465371
51.575274605013504 9.824578781050718
51.616337549347634 9.808590838062178
51.66759128885886 9.798380070486893
51.68286200021453 9.787479050250369
51.70059727439113 9.774755941020931
51.69774988458536 9.763509053492319
51.67432488369272 9.753744770851517
51.63280867338227 9.743649895054705
51.593662314496555 9.731743205076308
51.554379673770256 9.719843185190262
51.49688914810608 9.707622645336023
51.42355793065451 9.693271068189862
51.42002960454198 9.682042962131407
51.45506989817318 9.669638405738226
51.578148544972976 9.66064609524839
@49.99166646631787 11.99929587966598
49.98787834095066 11.899149960703584
49.98393696200344 11.799028729327027
49.98176580236375 11.732831776946492
50.10427787819182 11.721418501525987
50.25411848845192 11.704896588741759
50.36230806331102 11.690549169240768
50.49493787704483 11.680599834658597
50.627390154857835 11.67063646417119
50.80091995861997 11.658439577725202
50.974142149738555 11.646221407184893
51.138682900529886 11.637321862607884
51.35231769034738 11.62283610213827
51.52455685764002 11.610555028113044
51.70483228871237 11.594892443507897
51.794846151833696 11.587047923952712
51.95798394523291 11.578071292175576
52.15318259248792 11.570209648957482
52.404087209721524 11.567985998122813
52.55778632437858 11.562376069982959
52.711208757540504 11.556764610639737
53.01722589590048 11.545536995287417
53.1933590224759 11.544471765472457
53.424198016305695 11.549138009674461
53.61417698301045 11.556097353454792
53.72368607739429 11.567579050173697
53.8328226427827 11.579082109926798
53.93315733437183 11.59401489554203
54.07863898943256 11.618154866528945
54.13826994191311 11.635347045075894
54.30469581601241 11.664152631839318
54.45091041318926 11.673591187065771
54.605193993846 11.679658394858611
54.781103272718184 11.69038285392073
54.93902535361843 11.707964573666644
55.04384244808085 11.719712287763365
55.10913425613654 11.759928032744936
54.878773393511494 11.758011490872114
54.660770272400754 11.764142958257542
54.42476989165621 11.777038077832582
54.267094617183204 11.785622925663871
54.15330570216034 11.803380520249954
54.07889274132623 11.818966625577374
53.98688365032584 11.841233890916493
53.7495985376317 11.879816036806329
53.546985873226305 11.904909708682093
53.38812222525348 11.91331170788637
53.237803956765106 11.91838617442703
52.96278289789532 11.918599558426973
52.75797080621723 11.91796179865402
52.52113650974232 11.91615014846784
52.25188776579708 11.913184882369594
51.94101816640142 11.912385652142884
51.72421093844238 11.915177672502415
51.32944695457377 11.918700685968268
51.10209464928664 11.924822923350293
50.915062111621125 11.928839140107026
50.78341023788559 11.938446587501756
50.616579906086 11.961093018489372
50.522897413604255 11.98274056253238
50.39079956006742 11.992276541302363
50.24094830254222 12.008291003644993
49.99249416487018 12.015740625630697
49.99166646631787 11.99929587966598
@