74.69389640623268 17.504511090994974
74.99989391203644 17.454117124474845
75.28702357561323 17.38519953828861
75.60416664475116 17.334317602467365
75.88093969179576 17.243457652490843
76.11663149759772 17.17688901924111
76.45107024407415 17.12392054087145
76.71795501332977 17.077151453104904
77.08154510104302 17.04715198153554
77.35427421874198 17.09998794056465
77.75774305028258 17.02226968645317
78.16991078313092 16.943236727875654
78.57619673853205 16.83572669432209
79.03318236142113 16.809178054971557
79.49228671234911 16.786773543661212
80.13895514980484 16.9822457056877
80.42776687809663 16.85439054031617
80.71013960960272 16.649636205599034
80.64999726547848 16.404408810314337
80.56446023219192 16.188680623534957
80.46715871640379 16.006056627652683
80.31699038480488 15.784808041399476
80.05078236777584 15.695852220805149
79.73566545618198 15.575714373363654
79.2134026491893 15.570313217778176
78.77414009881747 15.55740572984919
78.0075144944982 15.484950388044059
77.44207285144324 15.425866344942612
77.12559313818491 15.325353937715528
76.75241135675475 15.153580212686569
76.26667781682855 14.957736283182648
76.15954666129096 14.760038767171553
76.2835360176355 14.59257697076613
76.75145493434655 14.431665460657028
77.04621925780918 14.204325454037496
77.32746191569635 14.021438548547234
77.50976953190445 13.85765204587086
77.74878034301835 13.48416069922808
78.07964615693484 13.243010988995184
78.50350020359232 13.020403228157381
78.82919993568336 12.820267030151717
79.11327756615032 12.54317666691192
79.1692768516192 12.262308023885613
79.19195486875273 11.975110308556015
79.19044193282355 11.570067459589511
79.68098250756307 11.252280783409018
79.93165331368559 10.939311845025626
80.291458188702 10.633828449792874
80.61694860888531 10.311294762943055
81.05199795936184 9.987676744911093
81.25961922165462 9.689645623704761
81.6151884253789 9.327340277320157
81.77043784588906 8.938296229290922
81.8705822206087 8.539237376718242
81.91324860243577 8.134378530235528
81.88895599204244 7.661028957700632
81.67767155296147 7.340882486887661
81.54966201848276 6.951236344391749
81.40197143585439 6.63528729530843
81.08180256121221 6.352992643728758
80.68872494484665 6.028663794121659
80.25975960993301 5.72438152630944
79.85630926614087 5.490067809183735
79.31123266856909 5.17216907939434
78.92341250981445 4.893502903264313
78.57993331918854 4.672936331259066
78.22023661950556 4.462551338189588
77.76994709334903 4.222866553130785
77.49255191590004 4.0048929303368475
77.19890939316946 3.796029900671602
76.99421461126019 3.567914675197038
76.67134536617502 3.3768871365683353
76.25178297376695 3.1639912896154634
75.91492503070634 2.93543081304
75.65260602557984 2.7982371843700165
75.47422254049471 2.6398903449859503
75.28830805413179 2.48685485159551
75.07765989440298 2.242098584636871
74.74429995458541 1.9429801630609447
74.21193036802077 1.8186312473892876
73.36141781071044 1.7029478980962836
72.61225032176449 1.6485904721178315
72.191296937993 1.5913493402404946
71.51989788379828 1.4778445915097365
70.85938074328845 1.4036123595636596
70.12226405576754 1.3111510392559822
69.22935728962398 1.2180102195608455
68.74305520876106 1.1793364697666107
68.0803568750787 1.171834446366237
67.03455597582382 1.0723045033302228
66.86505459762483 0.9224965483494003
66.68152820617064 0.8080470252486194
66.60394587949526 0.6517487476616814
66.44219672257324 0.5134825429005616
66.29958634248999 0.3500950181524658
66.08220123130636 0.20413966181268606
65.93614212418575 0.07673550499686854
65.70305129955884 23.990473415410037
65.49272592791104 23.878991627471116
65.34836624401768 23.783748105386692
65.1912771154071 23.715073152709785
64.92503173213169 23.618333195587848
64.59251251689614 23.532516649963796
64.3216437476174 23.46099529833593
63.951531854351316 23.36079453533267
63.591500247382925 23.26044843608028
63.21526922026243 23.182975764109734
62.84503262224635 23.104646814177308
62.461523169620136 22.98829961664064
62.041684886059784 22.856954558884098
61.767926867396 22.769117633761013
61.53042752438208 22.659707909197937
61.374595053060574 22.54455996182474
61.06274038012177 22.40754644884533
60.87720022510629 22.28047322841909
60.70447375823343 22.188730543733133
60.576183172049184 22.111975885842927
60.67947819884668 22.022544036870944
60.70710525559912 21.90748930518087
60.741588321742256 21.7955271884087
60.78390243472609 21.686643934826193
60.90473669913143 21.60724297643472
60.98951915860064 21.545806204645746
61.191540060572464 21.467459475240886
61.32420968847211 21.394006134736916
61.44957853760053 21.349513194795918
61.76139352585159 21.28726660514725
62.15370544519931 21.262586614133216
63.33788036727077 21.09607580077239
63.396953233130546 21.02676883235926
63.67196600806042 20.96567155323274
63.71030724864917 20.879443666402715
63.625251779320905 20.828131799155543
63.45126763836734 20.757024065090626
63.18372974017768 20.706849953459574
62.9016793131172 20.645231647174114
62.68927178055796 20.582588181831483
62.55101470741411 20.51963040704203
62.42953059525024 20.466926594507044
62.16074233764124 20.402088396412005
61.842818499794504 20.36709281046461
61.51060593451919 20.32049061255447
61.172630383258735 20.272818155548066
60.841306892849474 20.246000744825317
60.41298557441132 20.206070033276006
60.063844166924355 20.17783159748827
59.53044492958779 20.14574489951685
58.885439575616374 20.110930489893214
58.30873436895803 20.076782726129352
57.80366187963989 20.03174186011143
57.09785694563942 20.01774053767641
56.470655462838124 20.00547128994112
55.822388638280046 19.99295579768442
55.049389291784394 19.990685967206684
54.49692682736523 20.005563564890622
53.68043440421266 20.003667456782
50.641233979949476 19.978114029998174
51.11749796646842 19.94636234631597
51.69447136589065 19.890957022150985
52.032418998931746 19.845233539102633
52.528486019747135 19.82885578726737
52.87556851973099 19.784428898057758
53.48084289363382 19.745972561534053
54.3272265368754 19.71393048303588
55.388871331813135 19.68874603296897
56.07411218499499 19.680969113934534
56.523226546964565 19.668042225348795
57.07787007816961 19.646482907567908
57.61575226672275 19.63744087638676
58.07683139262679 19.57938934505598
58.4216712133331 19.542523447735395
58.52828175802122 19.450230074713012
58.70782957341447 19.3961039782943
58.817245683645325 19.326941938459534
58.9195576503725 19.26921314550782
58.88080179987523 19.17986788840516
58.80678015171506 19.11283388412081
58.74141264440408 19.04494736673364
58.40455185332084 18.950044979371462
58.25057882919779 18.874776193050867
58.45935911101134 18.801010992142075
58.74883944949494 18.74448913334131
59.1885799232451 18.68117543894367
59.81237554106406 18.67237801204028
60.299545704958206 18.700751349970574
60.732529089842785 18.74091958458274
61.190060396310855 18.769110134859403
62.25778634371349 18.797706459849167
62.45065918382335 18.74195804200708
62.69226992493881 18.6748346993327
62.820267573639455 18.612256196759546
62.91222908532367 18.560404906759217
63.05501485188924 18.496607744797604
63.12405676669607 18.425009922991933
63.10320357346595 18.375657718876937
62.98327579764671 18.26728759915399
63.263071788344746 18.174859485274762
63.586076621423814 18.10171574854167
64.05628987781847 18.02457522922459
64.4434443155152 17.993357896487737
64.88695836465641 17.950839266327268
65.2547085234884 17.89979685728747
65.83341886812565 17.856873472390387
66.39821411514686 17.793880413094147
66.83547328283487 17.73346460424994
67.21475896118176 17.685446570157513
67.72385572535634 17.61460246366793
68.3661809330197 17.568747879962146
69.7142030807247 17.451116313112827
70.21362653220427 17.43674377819421
70.74100636607832 17.463393274935914
71.135506467032 17.489017196098363
71.58486924913441 17.568693676959466
72.5964010280527 17.510014029754252
72.97019648249727 17.5220338866098
73.46653284790622 17.520706823688588
73.95381051571195 17.523728350554105
74.36616954662279 17.538156280335826
@51.57874226894435 10.116924302649945
51.66063804622718 10.110918749482622
51.76898436759339 10.112847373874466
51.895187375466975 10.115104947051353
51.982788195467634 10.11855036313446
52.07026743979458 10.12200246069397
52.15519899212424 10.127291456451447
52.257911531745805 10.132917593285955
52.33765456288586 10.141891036429223
52.45293912878296 10.151541871209233
52.550104207728396 10.160879594643738
52.61144021373093 10.16956166478522
52.705702279738915 10.180765954052543
52.80472819154505 10.188314315034724
52.9414824017679 10.194722969498317
53.100641196859044 10.197811832559395
53.22418118654224 10.200224383599524
53.36510142514402 10.202992474608678
53.503184081077364 10.20762037145301
53.640963567260826 10.212264239259135
53.76351896264558 10.214720347388393
53.860664358722886 10.222393186409818
53.972438555168964 10.232291628064509
54.02911192555399 10.242993583660624
54.092525615983874 10.261488177014371
54.160887878167074 10.276290069042275
54.197001145484165 10.288519587765034
54.23297677981327 10.300755547842149
54.23690934527093 10.310401438482126
54.22080392861167 10.321529203502726
54.18734534480649 10.332278408258142
54.16569444852172 10.347098298747857
54.14665705116792 10.360058080644075
54.130270401340425 10.371160771879332
54.10557139964794 10.387804899163603
54.033729768926975 10.388129306761709
53.96731494779419 10.384761837595102
53.88075819814867 10.382866531482776
53.7767414739063 10.380598841570267
53.71920463869964 10.38315339163158
53.668038700846296 10.393449774740814
53.66889814214528 10.40487510665892
53.73625040588041 10.419668571309236
53.76873718833164 10.43370671864864
53.73747345156346 10.442521841496966
53.64530233739882 10.44426912835788
53.54126169027174 10.441957755462989
53.43705898370118 10.439653771121552
53.29787012423665 10.43659323023208
53.1060157627945 10.432406203918994
52.963384352341876 10.431204811781043
52.823232838112006 10.428185902095633
52.67729885278831 10.42882829240799
52.545955322423396 10.431671617063765
52.41166649410249 10.436333135882489
52.29758365352569 10.4395448993867
52.165678980214665 10.44238062073145
52.08943151004786 10.444518828327599
52.02808028211774 10.448842209124871
51.91901418816653 10.448419541040067
51.82480781868264 10.450182895150835
51.694944999131565 10.451204160341101
51.58817033429631 10.448983487265977
51.48123546989814 10.446769795684938
51.356275824696326 10.444195942280404
51.26960639279051 10.440560014815478
51.20615181974881 10.433690515679796
51.15068790682838 10.421421213486173
51.095818846656044 10.396183146967267
51.11180479533462 10.385362693532862
51.14835135731809 10.373088700474888
51.20279342045856 10.361159836324513
51.25189986660641 10.352833961030093
51.33950327910557 10.343397823028766
51.370552947296346 10.334703449472315
51.42212285040418 10.324543816882747
51.47103465645256 10.316186941909688
51.50713576844288 10.303848211538016
51.54315804737601 10.291500483120265
51.576536116079325 10.280958920064768
51.6175177902723 10.264961757911097
51.668705760263094 10.254745701082049
51.68392682353064 10.243838178365632
51.701603541512014 10.231107509480916
51.698713559395486 10.219853535723583
51.675262098523774 10.21008262240131
51.63372707803592 10.199980487007164
51.59455264251025 10.188065469717571
51.55524123569802 10.1761571284318
51.49772930084973 10.163927630864412
51.42437485819485 10.149565390098488
51.42079949202011 10.138330276079639
51.45576695565566 10.125918981981645
51.57874226894435 10.116924302649945
@49.989564482639395 12.399200061915018
49.985682044794686 12.299068930500502
49.98169895816835 12.19896319669266
49.98152503048345 12.190358074180576
50.104882027873515 12.178863159256682
50.254751343040255 12.16233493940871
50.36297056773424 12.147982117481178
50.495602429202506 12.13802857779665
50.62805572678215 12.128060962027222
50.80158166731678 12.115858747150389
50.97479840449077 12.103635191024654
51.13932175579154 12.094731409992272
51.35294343685936 12.08023909639201
51.52517248395404 12.067952482012764
51.70544576719777 12.052283060453153
51.79545777716038 12.044435093310566
51.95857229442427 12.035454052427095
52.153731753844966 12.027588142030238
52.40455789213513 12.025361810336147
52.55822288620581 12.019748707818316
52.71161073563377 12.0141340669295
53.01755736061787 12.002900069424493
53.193632170997944 12.00183309270768
53.42437603852383 12.006499180729117
53.614267621541615 12.013459443171588
53.72370396953008 12.024944222804292
53.83276814957779 12.036450294945414
53.93302329165516 12.051387231888617
54.07838234096229 12.075533815871557
54.13794061710476 12.092730932377044
54.30422302813585 12.12154385310228
54.45036154287959 12.130983813171296
54.60457735095821 12.137051276703613
54.780398175135446 12.14777706888549
54.938217170057385 12.16536214163998
55.0429659901383 12.177111997798274
55.10811393262583 12.217337780588107
54.87782770539937 12.2154233158333
54.65986964843327 12.221558799012785
54.423896310048946 12.23445986949141
54.26623806420375 12.24304865605672
54.1524211229175 12.260812018094216
54.07797501517436 12.276402824273468
53.98591273863164 12.298676505913834
53.74855097899899 12.337270232760662
53.54589643077452 12.362371698880464
53.38704066743733 12.370777269688583
53.236740183371666 12.375854474152481
52.96178637872177 12.376070885257468
52.757027295761844 12.375435162277075
52.52025850543751 12.37362558228426
52.251087919053504 12.370662398513911
51.940297326926355 12.369866057763845
51.7235303317409 12.37266078520304
51.32884479805182 12.376188273829205
51.10151808151298 12.382313933421015
50.91451033196614 12.386332701018945
50.782843636696924 12.395943399396241
50.615942836575414 12.41859606887275
50.5221758672113 12.440248792759567
50.390058775996295 12.449787765515994
50.24015838175575 12.465806535053309
49.99264199973848 12.47323174343617
49.989564482639395 12.399200061915018
@