74.69413555516155 16.974510664056943
75.00034446103896 16.92412639955627
75.28773615836477 16.855210763695467
75.605075306376 16.804341330290303
75.8821569641562 16.713474376455835
76.1180676083516 16.646904074339904
76.45268209638652 16.593952311615
76.71971409138706 16.547195928285483
77.08340272221011 16.51723166733168
77.35599583046638 16.570130740143327
77.75968965456732 16.492438459027518
78.17207263297902 16.413435929771286
78.57863077814122 16.305944964456756
79.0356787928907 16.279471926222353
79.49483134503106 16.257154140251018
80.14103462848942 16.45287945768291
80.4301421614802 16.32503871365259
80.71296157251638 16.12025457552644
80.65333106066996 15.874863939256453
80.56821625240912 15.658972468552548
80.47125052307467 15.476197472833093
80.32146098483133 15.25475236710966
80.05540948004221 15.165665787699474
79.7404914416436 15.045366996617298
79.21827060428211 15.039850328409916
78.7790546222578 15.026847759456444
78.0125772671885 14.954206447153847
77.44724809583172 14.894992382200059
77.1309117621959 14.794363570848947
76.75794053026203 14.622419389100834
76.27241073777026 14.42638030374853
76.1654265089644 14.22853843033443
76.2895059937646 14.060982444291271
76.75748743786107 13.900023750603632
77.05232549392852 13.672578389832132
77.33361123911314 13.489615620225404
77.51594605462671 13.325755778572306
77.75497796924287 12.952088461295986
78.08585065525781 12.710851132344626
78.5097181683362 12.488176418428784
78.83542541521965 12.287975408871707
79.11949455386767 12.01078273839
79.175452670282 11.729799948890738
79.19808011017147 11.44249304898005
79.19649147675693 11.037310592585111
79.68705056887038 10.719413319272032
79.9377048505529 10.406328610527392
80.29750312920405 10.100713506701581
80.62296620879229 9.778026358310008
81.05797279163079 9.454216353783362
81.26551667438991 9.156017626062198
81.62095486020885 8.793464106356822
81.77601442962072 8.404184515388078
81.87591428048916 8.004889373252984
81.91828038097813 7.599805006870503
81.89357037643697 7.1262214932144925
81.68200181429714 6.805997782632201
81.55356404820074 6.416221271056095
81.40549321469646 6.100195009153065
81.08501131896455 5.817908421734156
80.69154571486786 5.4936043579855145
80.26219839822701 5.1893708970424015
79.85845262322385 4.955118901096448
79.31293382244533 4.637307489181854
78.92465536754113 4.358705363474421
78.58080208424514 4.138205203045079
78.22074084005601 3.927896152048781
77.7700291850793 3.6883123102621482
77.49219678725052 3.470416176105047
77.19813799407845 3.2616401672937414
76.9929578607047 3.033612061483524
76.66972559197208 2.842685858568313
76.24978001299823 2.6299154824536046
75.91249933965315 2.4014798534262134
75.64995037342715 2.264369992426367
75.47128617715452 2.1061067425364115
75.2851169893166 1.9531544012150732
75.07407281133547 1.7085224488779076
74.74029585797783 1.409560483701334
74.20785848010996 1.2853073358638554
73.35738346185704 1.1697338797484989
72.60833321146566 1.1154484806148801
72.18741735880812 1.0582538325242794
71.5160649189744 0.9448238531496038
70.85565822167621 0.8706477195804609
70.11867297732684 0.7782439196246997
69.22597475553769 0.6851586688969462
68.73981195889408 0.6465092641813257
68.07736648305911 0.6390327971960588
67.03190021603118 0.5395417965017906
66.86229832734276 0.3897352443801694
66.67870279665598 0.2752813414367523
66.60091508617316 0.11896637719063818
66.43898844050892 23.98067904947236
66.29609105365842 23.817258748850357
66.07842745591736 23.67126619976893
65.9320541795482 23.543826134287947
65.69876727287408 23.457532712926287
65.48811099342174 23.346010984080564
65.34341743729539 23.25073363446584
65.18607756330883 23.182030724646488
64.91944851619567 23.085247395081797
64.58655995132193 22.99938417549425
64.31534250334039 22.927823194134746
63.9446780421726 22.827566685212858
63.584017090293514 22.727165621292073
63.20723847650447 22.64964128152119
62.83638889585612 22.571261368009573
62.45190046518539 22.454859196791055
62.03084329750635 22.323461084071518
61.75620756868295 22.235595157109636
61.51760868755372 22.126169656528198
61.36063567578398 22.01102753132917
61.047292239409074 21.87402066740073
60.8604300131461 21.746982533237198
60.6867084349243 21.65527018814739
60.557603003161546 21.57854938140955
60.660255037737414 21.48919462356453
60.686992097321394 21.374236422942165
60.72068468239817 21.262379473300072
60.76231162020406 21.15360845363071
60.882819136087676 21.074303612458564
60.96736882882894 21.0129425399347
61.16927084430489 20.93470373867593
61.30179119788289 20.861347935579424
61.427156544551735 20.81691879360649
61.739194524693715 20.75477332565835
62.13199398208553 20.730155417036542
63.31741765189355 20.563932717441304
63.376455712016195 20.494711140199882
63.65177239100359 20.433704097299703
63.69009787541708 20.347579799886034
63.60490442904177 20.296323408623408
63.430674745114004 20.225290499207766
63.162774091462666 20.175162740814052
62.88036065454611 20.11360557223486
62.66771385859684 20.051029167794702
62.529351582438665 19.988142658688542
62.407791389678835 19.935498470759978
62.1387603525516 19.870730017474607
61.82046155309749 19.835767548646597
61.4878964829885 19.789213303552128
61.14957902922086 19.741591088932594
60.81785671915404 19.71479964681
60.38904830299876 19.674910244385174
60.039498004464434 19.64670122264649
59.50542749009145 19.614647426803256
58.85959367464426 19.579870157157316
58.28217085975422 19.545761417801288
57.776580794172105 19.500775322294636
57.06972624747911 19.48679087131507
56.44157864440993 19.47453782070176
55.792321582575454 19.462040215547795
55.0180143367198 19.45977637495382
54.46444618455607 19.47463601805741
53.64650498602279 19.47274690299042
50.60188100448147 19.44725796246258
51.079454777196304 19.41554913094957
51.658190063706684 19.360216735629432
51.997316056889076 19.31455114637324
52.49445068423 19.298187463691036
52.84266898379411 19.253811489787733
53.44940524908816 19.215391392219885
54.29750556441343 19.18337158558827
55.361046315162554 19.158196942892054
56.04737936482792 19.150417480589013
56.49727357132912 19.137496975077834
57.052912689557814 19.115950720785577
57.59162297304536 19.106909825995093
58.05386007098241 19.048904291538367
58.399485322542176 19.01206479533625
58.50709044549092 18.919842208830687
58.68736449827844 18.865751942034123
58.79756773618408 18.796633539008678
58.90054984114121 18.738937551005414
58.86263155216918 18.649640584431285
58.789207688329896 18.58263900182111
58.724467478426305 18.514781108484357
58.3882910494475 18.419916651718072
58.2349851446115 18.34467014304746
58.444707396166564 18.270915283221164
58.73498844444944 18.214396266729114
59.175678014849524 18.151081412060933
59.799981033298195 18.142275034541598
60.287212363499094 18.17063877841632
60.72012556713395 18.210796202513954
61.17772810305925 18.238976489748776
62.24597347642475 18.267555287557446
62.43943888073275 18.211814198736377
62.68175445248082 18.14469700614067
62.810334212074366 18.082122559210955
62.9027631834235 18.030272881756588
63.04613299313522 17.96647526929151
63.11577015440653 17.894874607057517
63.09528861191569 17.845518973566755
62.97613981004534 17.737136346311075
63.256757082381654 17.644691219718958
63.58042808599936 17.571531384280338
64.05136137006983 17.494372233013024
64.43886340270004 17.463147789016503
64.88280708296696 17.420619438158404
65.25100185093103 17.369564358523018
65.83015014545813 17.326632949914696
66.39547754900104 17.263626026536652
66.83319484714852 17.20319570320341
67.21283660704006 17.15516675599695
67.72242267190487 17.08430586340992
68.36510972277071 17.03844848609684
69.71392434849406 16.92080957480824
70.21348813260431 16.9064496308587
70.74083270524443 16.93313183726848
71.13528523627713 16.958783455606998
71.58438704153005 17.03851100917221
72.59632102750345 16.979864398141267
72.9701266696392 16.9919114716784
73.46654222406022 16.990616764551486
73.95387947788615 16.993674584651508
74.36624534379163 17.008139753677533
@51.578224335319476 9.584852687372424
51.660180054589944 9.57884847977581
51.768567038609945 9.580773656294115
51.89481720147816 9.583027203246946
51.982443470229924 9.586468841098082
52.06994808647343 9.589917162322324
52.15489698897332 9.5952014861615
52.25763353020113 9.600822381425543
52.337378321909455 9.609789370135145
52.452678156046716 9.619432614042225
52.54985215755221 9.628763329063677
52.61118418052527 9.637439537574604
52.705448260623285 9.648635939255126
52.8044913775627 9.65617821647256
52.941283301294334 9.66258056239511
53.100500656364574 9.665664342939383
53.224085854634154 9.66807293943119
53.36505739992117 9.670836509665321
53.50318386798577 9.675459005582846
53.641006894772715 9.680097478474789
53.763606291568834 9.682549635355354
53.86076831652076 9.690216474233257
53.97255861355421 9.700107495219559
54.029222850702325 9.710802854351058
54.09260736118134 9.729286808376166
54.1609547500218 9.74407981351549
54.197047800196145 9.75630242707556
54.233003746616674 9.76853148171983
54.236910823927815 9.77817243256512
54.22076760640141 9.789294909099407
54.18726520663702 9.80003934644435
54.16556496798114 9.814852135479196
54.14648495588801 9.827805681213947
54.13006219660346 9.838903011051617
54.10530975605886 9.85553906927901
54.03343595102183 9.855864668374503
53.967000668879336 9.85250019200309
53.88041082911889 9.850607501854437
53.77635419986626 9.84834295177367
53.71878535100268 9.850897253364177
53.66757027067038 9.861189210575073
53.66840114113097 9.872608541536199
53.73574663196749 9.887393028571775
53.768213821368136 9.901423235129922
53.7369151298183 9.910234282884204
53.64469863791933 9.911982265556926
53.540616765449954 9.909673931799107
53.43637261515428 9.90737298723837
53.297128156191434 9.904316500178348
53.10519670528902 9.9001350488523
52.96250297530861 9.898936771671202
52.822294493147666 9.895921912918373
52.67629145197904 9.896566457697892
52.54487978641308 9.899410462760702
52.41051660313093 9.90407168124308
52.29637221587845 9.907283573322795
52.16439827618774 9.910119901270146
52.08810939084745 9.912258168272814
52.026718344682024 9.91658013269711
51.91760131548534 9.916159467610749
51.82334553235225 9.917923346734375
51.69341782514056 9.91894611185742
51.586597187721566 9.916728397008903
51.47961611726055 9.914517662168159
51.35460226892644 9.911947256237713
51.267899831991684 9.908314781037133
51.20443188309173 9.901450229251523
51.14897285669727 9.889188859863157
51.094144950643965 9.863966175291374
51.11016868152893 9.853151657439888
51.14676761929027 9.840884065347316
51.201270272979826 9.828961066523625
51.25042463422662 9.820639067834442
51.33809790339026 9.811206729550417
51.36918831115668 9.802516705704388
51.42081342979978 9.792361855473166
51.46977395852417 9.784008770843789
51.50593027051343 9.771676263363767
51.54200827561337 9.759334729731032
51.575435570564025 9.748798377337177
51.61648814826296 9.732809258185734
51.66773349803927 9.722597815796842
51.68299787657344 9.711695965990303
51.70072568166782 9.698971892316099
51.697872859324264 9.687724100752526
51.67444448392618 9.677958972206953
51.63292587516739 9.667863170282033
51.59377593587527 9.655955417956022
51.55448962681598 9.644054336474557
51.496996371530344 9.631832653857558
51.423662193143656 9.617479716322375
51.420127867231884 9.60625071619917
51.45515887086748 9.593845300184723
51.578224335319476 9.584852687372424
@49.990769097996605 11.899256986468151
49.98693533244409 11.799117030976193
49.98297226465485 11.69900213334706
49.98181928086524 11.657189755717207
50.1043550265947 11.645773898406494
50.25419929695778 11.629251180978835
50.362392652813384 11.61490307223991
50.4950227264888 11.604953201203264
50.62747513311055 11.594989289137212
50.80100444242055 11.582791722940609
50.97422593616946 11.570572865360823
51.138764465954495 11.561672780357188
51.35239758156749 11.547186183913631
51.52463545625443 11.534904403111833
51.704910611525406 11.519240946310278
51.79492423734351 11.51139598694444
51.95805906011233 11.502418792723793
52.153252706817966 11.494556605189901
52.40414731124463 11.49233261246277
52.55784207213054 11.48672227941053
52.711260092448896 11.481110414241229
53.01726823345845 11.46988198480705
53.19339391984195 11.468816532219432
53.424220777729005 11.473482756633242
53.61418859651869 11.480442217735987
53.723688410846194 11.491924307855625
53.83281574223341 11.503427752013842
53.933140286104674 11.518361067344312
54.078606301061654 11.542501882157683
54.13822798289402 11.559694690767925
54.30463555622268 11.588501213377985
54.45084044742896 11.597939947951119
54.60511538199185 11.604007188484108
54.78101337649019 11.614731817767979
54.93892230690366 11.632313965447256
55.043730691721095 11.64406195293454
55.10900414845236 11.68427897873123
54.87865280799434 11.682362701705921
54.66065543698059 11.688494681316069
54.42465850771566 11.70139056001574
54.266985406722085 11.709975910291346
54.15319291776714 11.727734240697536
54.07877572947089 11.74332094578555
53.986759855072194 11.765589029766705
53.749464967459545 11.804172653210431
53.54684696207988 11.829267319494441
53.387984321135406 11.837669774320975
53.23766832240614 11.842744590110645
52.96265584459522 11.842958360158503
52.75785051628057 11.842320860124785
52.52102457758565 11.840509473916677
52.251785805483166 11.837544473322774
51.94092628665746 11.836745611570034
51.72412419248525 11.839537977205074
51.3293702188015 11.843061561436913
51.102021179402215 11.849184235351522
50.91499180517303 11.853200777480346
50.78333804184257 11.862808639633993
50.6164987224025 11.885455866597956
50.52280545473471 11.90710407158909
50.39070514822262 11.916640432339435
50.24084762389114 11.93265544424236
49.99267821742819 11.940096992786936
49.990769097996605 11.899256986468151
@