74.69371964473208 16.969277699462413
74.99956472483944 16.918876779489935
75.28650546097711 16.84995784341188
75.60350715100543 16.799066936056164
75.88005769950473 16.70821210905936
76.11559173021169 16.641644732890136
76.44990376080054 16.588664248388266
76.71668237641526 16.541886041320378
77.0802013904796 16.511861214649404
77.35302851369403 16.564651636290797
77.7563351115505 16.486914728083715
78.16834763560414 16.407859906575776
78.57443734134768 16.300336226021013
79.03137791461873 16.27373312666766
79.49044743471447 16.251266137481952
80.13745098096774 16.446555654048503
80.42604943270743 16.31869023636448
80.70810017110773 16.113957605533564
80.64758901315031 15.868848088147914
80.56174777462999 15.65323774983751
80.46420435692792 15.470722697879909
80.31376316909291 15.249615855239464
80.04744245400818 15.160754285501843
79.7321823357592 15.040732447258385
79.20988937122252 15.035414494877529
78.77059333093871 15.022575502392826
78.00386101698925 14.950254165173382
77.43833840503615 14.891263817944942
77.12175543505685 14.790835315472318
76.7484220211463 14.619184461062773
76.26254176370114 14.423481197163623
76.15530480887895 14.225887741640761
76.27922926952135 14.058493847386169
76.74710315436758 13.89761636804729
77.04181440337283 13.67035231038949
77.32302605271394 13.487520094185806
77.50531410764725 13.323786454684562
77.74430980357093 12.950421935623668
78.07517070318616 12.709335377250735
78.49901506416109 12.486775874659143
78.82470939621047 12.286686387100884
79.10879317268652 12.009669750393863
79.16482216309194 11.728883361114542
79.18753665949401 11.441764324500344
79.18607830534296 11.036822079132177
79.67660549988886 10.719115088536123
79.92728818877276 10.406229564142501
80.28709777056753 10.100841057015886
80.61260783736284 9.778417926946226
81.0476879273271 9.454938206178756
81.25536488670849 9.157027831716698
81.61102839899564 8.794901263913482
81.76641453229084 8.406026932372072
81.86673501760927 8.0071383661885
81.90961770144605 7.602442089209538
81.88562580729106 7.129261228336675
81.67454613358541 6.809170557857389
81.54684522761465 6.419618546427305
81.3994287400489 6.103725311918016
81.07948557384768 5.821425005165825
80.68668775397546 5.497078466392228
80.25799792696708 5.1927611736097035
79.85476070223123 4.958403072924995
79.31000311847788 4.640441533564829
78.92251357805779 4.361729301475382
78.57930428943365 4.141114933799223
78.2198706258942 3.93067525770811
77.76988571200033 3.690917757256699
77.49280601635596 3.4728883262684107
77.19946388146573 3.263962597968572
76.99511932688833 3.0357846054967297
76.6725120835672 2.844684012249502
76.25322626731449 2.631697690067856
75.9166734240205 2.4030471846820163
75.65452040617097 2.2657931377212606
75.47633951547334 2.1073860124165833
75.29060885605904 1.9542905419901544
75.08024650169298 1.7094446040176123
74.74718752799379 1.4102133086256998
74.21486692779666 1.2857952804582382
73.36432738550536 1.1700326176796523
72.61507538827914 1.1156232045897205
72.19409496861803 1.0583485261152887
71.52266234512689 0.9447898202920726
70.86206557966474 0.8705171036941657
70.12485411857762 0.7780142741577336
69.23179696306494 0.684833353581638
68.74539443125929 0.6461420352461644
68.08251372835184 0.6386215680589054
67.03647148248572 0.5390635237815999
66.86704259979047 0.38925455765877004
66.68356607358581 0.2748081948775791
66.60613187531291 0.11852195820378597
66.44451072279367 23.980270994714154
66.30210732980163 23.816907120415152
66.08492305293632 23.670978601652536
65.93909051394832 23.54360035765626
65.70614108501502 23.4573608768454
65.49605434104615 23.345907912651544
65.35193542509501 23.25068880469447
65.19502711170611 23.182034029177892
64.92905838531163 23.08532537537491
64.59680548894625 22.99954251553161
64.32618813347833 22.928049767541662
63.95647466740195 22.827889243718893
63.596896847391065 22.7275828242241
63.22106063163318 22.65014745170657
62.8512659956867 22.571855296814434
62.46846243172922 22.455547803489168
62.04950302676633 22.3242410766573
61.77637788778753 22.236425113551974
61.539671418809405 22.127026815346575
61.38466143760854 22.011874707630348
61.07388033088347 21.874856446156272
60.88929359906126 21.74775794189348
60.71728475333538 21.655993385056405
60.58958180204712 21.579214312059406
60.69334066546466 21.48972682518488
60.72160967092208 21.374602419691357
60.75666291082186 21.262564383920974
60.79947268339484 21.153600099622544
60.92054268087378 21.074129738521222
61.00549306035617 21.0126383043806
61.207599790743075 20.93421363581794
61.340377113537954 20.860689857495885
61.465748520225844 20.816150843796656
61.777402765105904 20.753831224775382
62.16936318282916 20.729106398685147
63.352637635218514 20.56238751546489
63.41173551565379 20.493018877300507
63.68652906939218 20.431856432295696
63.724881522756306 20.3455537334759
63.63992544290252 20.294201800319165
63.466118197339256 20.22304002567568
63.19884174217552 20.172832433716536
62.917052895259275 20.111169969891844
62.70481769509496 20.048478071261243
62.5666362751426 19.985468829124365
62.44520683764944 19.93272195720598
62.176593383447084 19.86783338964576
61.858939744791655 19.832813882654644
61.52698112454377 19.786177051037107
61.18925184949893 19.738468307609924
60.85821574736826 19.71163213795916
60.43024537459192 19.671671588736128
60.08139857497244 19.643411906184433
59.54848304452324 19.611301438200474
58.9040746448932 19.576460195863238
58.32788644895143 19.542284240973455
57.82318667762365 19.497203818492785
57.1181380970653 19.483190294904745
56.49161834870901 19.470909335068765
55.8440650030164 19.458380909949202
55.07200808004808 19.456106731802024
54.52034245527241 19.470997275339887
53.704893841439656 19.46909609448025
50.66959987006115 19.44349602332678
51.1449200350915 19.41171341571122
51.72062359233149 19.356255461805333
52.05772179648707 19.310490200394092
52.5530195691687 19.29410231019358
52.89928328812127 19.249638685756622
53.50350404370758 19.211156218482635
54.348650568858176 19.17909809978801
55.40892909135326 19.153906613410655
56.09338290967679 19.146131555646594
56.541935220089016 19.13320007889409
57.09586114273108 19.111631357603116
57.63314651795861 19.102588527476385
58.09339066605321 19.04450383271988
58.43766416236153 19.007618906153443
58.54355720076583 18.915274487970585
58.72258122110017 18.861122565650334
58.83142954337504 18.791929074428637
58.93325813354721 18.734176644092802
58.89389801611145 18.64479659374227
58.8194450762858 18.577739237006146
58.75362501788305 18.509832111885792
58.416270343094055 18.41490241927518
58.26181604458924 18.3396176163065
58.469917084720436 18.265845020797247
58.758820118350144 18.20932116563661
59.197876355493975 18.1460083715824
59.82130636701825 18.137217422119406
60.30843266694549 18.16559766811321
60.741466892436364 18.205773678801638
61.19894706249508 18.23397162160857
62.26629890309883 18.262580595533247
62.45874442601274 18.206826936886806
62.69984690424653 18.13969921449856
62.82742476207133 18.077117837839634
62.91904916704104 18.0252654275338
63.061413773020206 17.96146864443614
63.130026433042474 17.889872930718013
63.108905215453944 17.840523240135358
62.98841566756383 17.732162229172786
63.26761951650627 17.639746466366866
63.5901440753201 17.56661440507362
64.05983826038968 17.489487392123294
64.44674214608898 17.458275217942635
64.88994649981188 17.415763637492372
65.25737614873233 17.364730410696694
65.83577081442135 17.321812852246893
66.40018245219619 17.258829845610972
66.83711136540822 17.198424553947277
67.21614035758768 17.150414429206037
67.7248844012131 17.079582484303835
68.36694878648476 17.033729954350136
69.71439968205246 16.916103779187146
70.21372198171241 16.901722180104514
70.74112725009809 16.928348077635274
71.13566165440136 16.953952013100263
71.585212597739 17.033591613897297
72.59645440853552 16.974888198227468
72.97024251601727 16.98688842501813
73.46652178248746 16.985538037479756
73.95375647976164 16.988533397297576
74.36611057001178 17.002934468374615
@51.5791154480269 9.583184801455634
51.66096798855696 9.577178278444356
51.76928498793376 9.579109390311997
51.89545399206304 9.581369868208379
51.98303646375669 9.58481800986422
52.070497415082286 9.588272831624263
52.155416461790935 9.593565197471428
52.25811169917313 9.599195115364864
52.33785347188737 9.608173214143656
52.45312703834898 9.61782952443516
52.550285693535585 9.627172303172902
52.61162458211547 9.635858601289605
52.705885208203966 9.64706857993222
52.804898719997084 9.654621329351702
52.941625738102914 9.66103453460431
53.100742302842264 9.66412706433766
53.224249690374165 9.666542468291023
53.36513292906085 9.669313820692729
53.50318399184775 9.67394561369333
53.640932080514546 9.678593373306834
53.763455743825176 9.681052331928464
53.86058915388219 9.68872949900612
53.972351747025186 9.698633293324953
54.02903171361254 9.709340006828441
54.09246646449492 9.727842273996522
54.16083946538444 9.74265057596278
54.19696732319346 9.754885075167515
54.232957166083565 9.767126015934195
54.23690812137008 9.77677546940752
54.22082997583274 9.787907048671288
54.187403001082004 9.798659691778022
54.16578770232607 9.813484704136835
54.14678104885647 9.826448983839786
54.130420449706094 9.83755554197919
54.10576000065751 9.8542054890945
54.033941575652705 9.854529037009954
53.96754150980206 9.851159408961284
53.88100862493829 9.84926221567692
53.7770206803564 9.84699226066488
53.71950693631001 9.849546989699975
53.6683764485436 9.859846564876605
53.66925650342995 9.871276225138775
53.73661366096309 9.886076165401615
53.76911458289209 9.900120040387213
53.73787606207236 9.908938102413785
53.64573767742189 9.910684887065917
53.54172676259344 9.908371321712565
53.43755394575197 9.906065144442117
53.29840518522485 9.903001679068742
53.10660642129392 9.898810630871376
52.96401995733939 9.897606991411717
52.823909528548086 9.894585159295453
52.678025349148356 9.895225995050495
52.546730962082506 9.898068828431406
52.41249576411559 9.902730563372078
52.29845731512529 9.905942233705542
52.166602600790156 9.908777517013954
52.09038500194853 9.910915681475867
52.02906249505716 9.915240083680283
51.920033136789016 9.914815970421603
51.825862407025966 9.916578945490208
51.69604638690288 9.91759912829012
51.58930487707772 9.915376321026836
51.48240333598636 9.913160496324043
51.35748278138004 9.91058415575353
51.27083715063776 9.906945737805918
51.20739221923304 9.900072669851761
51.15192477234274 9.887797645435262
51.097026010212346 9.86254848360226
51.11298470051679 9.851723748887531
51.14949347762857 9.839445138978506
51.203891831463665 9.827512044437393
51.25296371314761 9.819183373201378
51.340516735646986 9.809744494914028
51.371537013929014 9.801046984115006
51.42306708547625 9.790883902336144
51.47194374431663 9.782524293701266
51.50800503359966 9.770181075073504
51.543987110166796 9.757828878698621
51.577329665957365 9.747283557517653
51.61826018769756 9.731280594428624
51.669406764504345 9.721061209659165
51.684596577015355 9.710149595382848
51.7022364370215 9.697414169758426
51.69931964270501 9.68615573705237
51.6758515214203 9.676380651309493
51.6343046529534 9.666273947649463
51.595112536550715 9.654353690285681
51.55578301475407 9.64244011266359
51.498257592851644 9.630204978262176
51.42488851704397 9.615836027170417
51.42128353842824 9.604596503590495
51.45620516163439 9.592180970307435
51.5791154480269 9.583184801455634
@49.990837862578985 11.89924258883299
49.98701573494807 11.799103917876733
49.983056241772346 11.69899010790798
49.98191131645558 11.657353855728472
50.10526150946663 11.64585769849198
50.255148905036606 11.629325510083962
50.363386801561205 11.61496928887565
50.496019963531666 11.605013103010021
50.628473914668405 11.595042815760147
50.801997439000814 11.58283724772868
50.97521075884035 11.570610302459299
51.13972317311442 11.561703855261502
51.35333662254942 11.547207417696393
51.525559315489375 11.53491731671566
51.70583126371349 11.519243592719704
51.795842115735866 11.511393456029467
51.95894199725461 11.50240964025585
52.15407680829003 11.494541044081025
52.404853571305495 11.49231302435795
52.55849710258909 11.486697923809043
52.71186319766707 11.481081280372276
53.01776546665553 11.469843265757891
53.19380358599679 11.468775188982985
53.42448759683987 11.473441177469391
53.61432419281863 11.480402016840138
53.723714759671964 11.491888735504494
53.83273338583891 11.503396702282913
53.93293846362886 11.518336250454588
54.07822035061824 11.54248699409061
54.137732885374845 11.559687216873101
54.30392500765984 11.588504750525908
54.45001564499523 11.597945593455858
54.60418880700311 11.604013216861322
54.779953968592935 11.614739846541008
54.93770808978209 11.632327027591751
55.04241394373355 11.644078230571624
55.10747133687619 11.684310327461281
54.877232069118776 11.682397171037483
54.65930235935792 11.688535182000575
54.423346023192465 11.701439997676518
54.26569848297882 11.710031263069665
54.15186389207747 11.727798253951045
54.07739691496411 11.74339201770277
53.98530115513327 11.765669736064382
53.747891134605425 11.804270749225761
53.54521020915391 11.829377119371019
53.38635939669456 11.837784937854746
53.23607009514453 11.842863865549239
52.961158600304145 11.843082182714422
52.75643286611907 11.842447742356235
52.51970528810173 11.840639466208398
52.250583874426354 11.837677594119414
51.9398429866896 11.83688307297383
51.72310129807221 11.83967950459105
51.32846511190647 11.84320981063332
51.10115448425171 11.849337624177029
50.914162322657376 11.853357997374966
50.782486289257406 11.86297074130808
50.61554112499144 11.885627335444232
50.52172098026239 11.907283317572693
50.38959177195585 11.916824174098052
50.2396604415859 11.932845653308643
49.99274822086363 11.940255062032678
49.990837862578985 11.89924258883299
@