74.69361422985119 17.618043757955967
74.99936986548136 17.56763877404503
75.28619974025068 17.49871906784087
75.60311846784313 17.447822912744282
75.87953846000468 17.356971120438654
76.11497991257761 17.2904045029234
76.44921758498916 17.23741699122815
76.71593390908484 17.190633448882664
77.07941120838157 17.160593756463264
77.35229581800505 17.213357444561286
77.7555072131133 17.13560961857059
78.16742865551274 17.05654199799137
78.57340320340006 16.949010348986697
79.03031731658237 16.922375311892893
79.48936636794139 16.899871681205507
80.13656644877562 17.095053976167083
80.42503975125098 16.967182599274153
80.70690157154684 16.76246278817812
80.64617408169832 16.51742251106381
80.56015442369431 16.301881372207525
80.46246913815119 16.119430276001395
80.31186793965853 15.898406627888185
80.045481151763 15.80960035345851
79.73013707164336 15.689646576209356
79.20782645088994 15.684377414994355
78.76851079248405 15.671578592424705
78.00171593167556 15.59933585666133
77.436145855908 15.540400469896007
77.11950234257256 15.440021193175674
76.74608001978149 15.268442426988576
76.26011374167405 15.07282168815857
76.15281475735895 14.875289286161662
76.27670117166758 14.707935232956384
76.74454865186127 14.54707772702547
77.03922879107319 14.319858231124089
77.32042226725642 14.1370581027133
77.50269886308186 13.973355477321206
77.74168572872085 13.600065361177895
78.07254376045901 13.359015851495464
78.49638244716772 13.136484660610558
78.82207361758898 12.936422575059872
79.10616100962264 12.659449186032981
79.16220743923478 12.378711044673395
79.18494334646496 12.0916381591524
79.18351702195994 11.686754926316544
79.6740363537474 11.369094673124017
79.92472600310705 11.05625807334798
80.28453832761522 10.750925216992318
80.61005989716026 10.428566926012346
81.04515798737853 10.105168308182044
81.25286759286755 9.807328748850656
81.60858638406327 9.445307026607855
81.76405267303898 9.056532240352407
81.86447642404724 8.657743566154624
81.90748595373532 8.25314267165993
81.88367042954368 7.780060824866864
81.67271087628902 7.460002940543496
81.54519102147844 7.070506216946306
81.39793534479807 6.754645790091516
81.07812463018942 6.472342226955966
80.68549101477697 6.147985379090958
80.25696289201585 5.843647598246154
79.85385076780386 5.609263499496862
79.30928045085469 5.291265161258885
78.921984987272 5.012525952497086
78.57893414549198 4.791883572742435
78.21965490715152 4.581411836949641
77.76984883754622 4.34161169302676
77.49295435987332 4.123549538158024
77.19978859023135 3.914587035815039
76.99564965881225 3.6863722303125073
76.67319625804492 3.495228772566538
76.25407285090373 3.2821893561322746
75.91769915905189 3.0534860172846976
75.65564361347808 2.916196508893819
75.47758168215634 2.757754001358034
75.29195896391317 2.6046233274107635
75.08176442553997 2.359724755589827
74.74888217308606 2.0604271999800687
74.21659036018767 1.9359685922448868
73.36603501486925 1.820159357552292
72.61673343701631 1.7657194170943278
72.19573716232438 1.7084250413504734
71.52428485615567 1.5948346550719137
70.86364136926235 1.5205381676955554
70.12637429468245 1.4280109664285945
69.23322888070786 1.3348065010750005
68.74676739460551 1.2961048675234785
68.08377965608179 1.2885735708023063
67.03759576012644 1.188999027658518
66.8682094278833 1.039189468331191
66.68476216837135 0.9247449609563247
66.60741490879465 0.7684657936264436
66.44586888182937 0.6302237781214259
66.30358696863624 0.46687378913980027
66.08652055738679 0.32096102687617645
65.94082098696944 0.19359799715400783
65.70795453582718 0.1073717902292195
65.49800783336951 23.995935749852727
65.35403021595411 23.90073097745617
65.19722801423262 23.83208804955897
64.9314216414707 23.73539777669007
64.59932502565792 23.649634696595513
64.3288552040691 23.578158744927066
63.95937554166915 23.478021851223424
63.60006401135175 23.3777387350918
63.22445946802074 23.30032526792067
62.85492417221346 23.222054723692345
62.472534835392565 23.105770555100356
62.05409117346164 22.97448635112419
61.78133742260809 22.88668270855572
61.545096247099224 22.77729113551225
61.39056895870755 22.662136601193907
61.08041787697067 22.525115571139043
60.896390687700034 22.398002235787317
60.72480299293528 22.306224845635633
60.59744491208289 22.229431442789
60.70147604436272 22.139911286517975
60.73012184176852 22.024745967782714
60.765509747386346 21.912663346870623
60.8086104494397 21.803651471436616
60.92981883069521 21.724140345481654
61.01486778142964 21.662616803431227
61.21702491867475 21.584146352775804
61.34986546253762 21.510581197839805
61.47523838258857 21.466015118971058
61.78679831779104 21.403652599785815
62.17855248249725 21.37890143605862
63.361298498905114 21.212060326388006
63.420411026259785 21.142655460789786
63.69507590126554 21.081454735745417
63.73343487655262 20.995108089412852
63.648537081644946 20.94373261945026
63.47483358164567 20.87253909829319
63.207710498523795 20.822311837047877
62.92607508601509 20.760623431758596
62.71394094005592 20.69790308068999
62.575803835294806 20.63486360481497
62.45440641030166 20.582091438645065
62.18589543522302 20.517173282096323
61.86840028929947 20.48213972139795
61.53659059942541 20.435482543672947
61.199005745178056 20.387752483586116
60.868138217300924 20.360905292453097
60.440373678131294 20.32092721371163
60.09169967280977 20.29265504840444
59.55906786665554 20.26053061378004
58.91500961177397 20.225673604815597
58.339124643142185 20.191481086298857
57.83464340212757 20.146377426271574
57.13003848061885 20.13235672874183
56.503918605160294 20.120068883054547
55.856783734807465 20.107532854857237
55.08527959512017 20.105256114194813
54.534081408518745 20.1201542544618
53.719244997966655 20.118250084908603
50.686241768556386 20.0926225846324
51.16100831469049 20.06082182039239
51.735966924802625 20.005332965078058
52.07256675641872 19.95954317408495
52.56741333390727 19.9431493369495
52.91319664941838 19.898664146752893
53.5167993082907 19.86016634525938
54.361220137589356 19.82809882132244
55.420697220292425 19.80290321974217
56.10468938430492 19.795129264952052
56.552911971938016 19.782195101404707
57.10641688964654 19.76062086820766
57.64335215468688 19.751577577253443
58.10310631347926 19.693473422658943
58.447047484114194 19.656577332256447
58.55251933360498 19.56420295812146
58.73123592591949 19.510035884261228
58.83975096999177 19.440823941888695
58.94129583809462 19.383057647236082
58.90158099157492 19.293657190033606
58.82687486055826 19.22658613953601
58.7607891437483 19.158666933821767
58.42314448316634 19.06372123547198
58.26840766713775 18.988427051907347
58.47611010229048 18.914650141307373
58.76467438112468 18.858125135412525
59.203329138399795 18.794812894621074
59.82654470494637 18.78602575546235
60.31364535837949 18.814410051423067
60.7467095103643 18.8545906178784
61.204159759926114 18.882792895764528
62.27129223382153 18.911409296591927
62.46348698011275 18.855652579674857
62.704291182890444 18.788522308624778
62.831622676383176 18.725939265046225
62.923049243421474 18.674086213912528
63.0651666904991 18.610289674263214
63.133527435539435 18.538695221063882
63.11224891856173 18.489347021408648
62.99142967629615 18.380991390887424
63.27028606257778 18.28858290876316
63.59252881423501 18.21545772519217
64.06191843962634 18.138338666074908
64.44867532859053 18.107129531133054
64.89169798256694 18.064622103442275
65.25893957990115 18.01359428296698
65.83714904034434 17.97068015957895
66.40133560912054 17.907703073886402
66.83807075440743 17.847303974012835
67.21694914439709 17.799298506420474
67.72548624019637 17.72847372079809
68.36739760317803 17.682622411419025
69.71451334165371 17.564999437674835
70.21377629725501 17.550612525261016
70.741196494745 17.57722456892168
71.13575103007241 17.602816770700926
71.58541238355366 17.682434708493737
72.5964840526708 17.62371736547359
72.97026784838008 17.635706070852546
73.46651360827045 17.63434199817043
73.95372308730043 17.637322003551937
74.36607427348383 17.65170731059283
@51.57933432825868 10.232827681599684
51.661161490579985 10.226820589614404
51.769461282419826 10.22875316172012
51.89561033149539 10.231015344788352
51.98318203665548 10.234465086359767
52.070632253864375 10.23792150722836
52.155543963886515 10.243215851254106
52.258229049603585 10.248847988576967
52.3379700881579 10.257828820019093
52.45323720374654 10.267488344266587
52.55039209320017 10.276834090286293
52.61173267747398 10.285522870021637
52.70599246340953 10.296736188087555
52.80499870089068 10.304291513401893
52.9417097626322 10.310707389928396
53.100801543604405 10.313802072083721
53.22428979783521 10.316219150759485
53.365151322246845 10.31899241766548
53.50318384465157 10.323626497712304
53.64091350767478 10.328276541814745
53.76341854812253 10.3307371737219
53.86054492621315 10.338416881228113
53.972300712676486 10.348323817366483
54.028984554207796 10.359033323493849
54.09243167165886 10.377540094706115
54.16081097979611 10.392352158941852
54.19694740462029 10.404589581376621
54.232945590273914 10.416833445500137
54.23690734158109 10.426484990098075
54.22084520502278 10.4376188080128
54.18743678512297 10.448373469123789
54.16584238315551 10.463201487622891
54.1468537772175 10.476168407199163
54.130508470533385 10.487277234926438
54.10587065291554 10.503930597865388
54.034065847962154 10.504253641087088
53.96767444151399 10.500882745804603
53.88115556295719 10.498984444729174
53.777184509213754 10.496713160076117
53.719684318498 10.49926799406366
53.66857463970618 10.509569442706308
53.669466795939684 10.52100164344933
53.73682682922637 10.535805384620481
53.76933605311174 10.54985262145433
53.738112334084576 10.558672408569667
53.645993159582304 10.560418898323652
53.54199969485714 10.558104045970133
53.43784442048863 10.55579658142085
53.29871919424065 10.552731399332307
53.10695306070184 10.548537990222528
52.96439297647805 10.54733303149241
52.8243066607821 10.544309483851782
52.67845171357453 10.544949406942674
52.547186170331116 10.547791951773837
52.41298245017012 10.552453813368748
52.298970056197135 10.555665428847737
52.16714466435437 10.558500454856258
52.09094459803845 10.560638593889385
52.02963894912645 10.564963595525654
51.920631151480876 10.56453863385622
51.826481339671915 10.566301386307817
51.696692787072976 10.567320933603781
51.58997073574935 10.565096873506993
51.48308875189835 10.56287979659442
51.35819113927491 10.5603019959761
51.27155947662206 10.556662116087997
51.20812020192645 10.54978695328723
51.15265067712184 10.537508570077005
51.097734474486884 10.512252895684238
51.113677163016376 10.501425648077564
51.15016375972539 10.4891443283549
51.204536456132786 10.47720875087513
51.25358804878428 10.46887843864969
51.34111149375033 10.459437952116804
51.37211451977598 10.450738599980872
51.42362121024411 10.440573493814497
51.47247723791514 10.432212280768699
51.50851515039707 10.419866427865305
51.54447362726887 10.407511609139338
51.57779533627081 10.39696408223922
51.6186958300776 10.380957714457487
51.6698181089902 10.37073637651856
51.684989575841456 10.359822360806717
51.70260779846859 10.347084143346503
51.69967526317319 10.335823093548152
51.676197359537326 10.326045558841432
51.63464353287324 10.315936173846065
51.595441034028966 10.304012840857196
51.55610087489933 10.292096189810415
51.498567531455535 10.279857746883016
51.425189860209 10.265484857177093
51.421567496516815 10.254242745541628
51.45646220998563 10.241824724317025
51.57933432825868 10.232827681599684
@49.98896827690362 12.499166665567186
49.98506662709988 12.39904054678129
49.981580479225556 12.307480224695318
50.10548399608791 12.295931431390624
50.25538201010289 12.279396913752409
50.36363087106173 12.265038697457031
50.49626480064765 12.25508095841116
50.62871913965043 12.2451091031261
50.802241251129374 12.232901566923868
50.975452570453314 12.220672632351691
51.13995856957533 12.211764620152241
51.35356719370819 12.197265761940304
51.525786162200376 12.184973614430247
51.70605733279126 12.169297365081087
51.79606750811351 12.161445954951741
51.95915880326979 12.152460510331833
52.15427915109797 12.14459033754336
52.405026936758475 12.142361326661472
52.55865787350703 12.136745053198498
52.71201120287557 12.131127234194159
53.01788744299981 12.119886861386641
53.19390402866961 12.118818138653822
53.42455290807072 12.123484068266851
53.61435722991041 12.130445245847024
53.72372092423507 12.141933102276498
53.83271281127878 12.153442180757674
53.932888501782486 12.168383261193496
54.078125094937036 12.19253644570995
54.13761077893582 12.209738491340051
54.303749902316156 12.2385587317746
54.44981243779998 12.248000092477957
54.6039605692622 12.254067809340524
54.779693059628244 12.264794930085111
54.937409101661046 12.282383347999213
55.04208973566642 12.294135341090955
55.10709397431435 12.334371143160046
54.8768822669779 12.3324587551111
54.658969191806335 12.338598250023505
54.42302282973864 12.351505264100394
54.26538156957196 12.360097984541442
54.151536614420536 12.377867105202254
54.07705738413662 12.393462604699696
53.98494196592446 12.415742692090328
53.747503608291396 12.454347981485705
53.54480719325983 12.479457229795452
53.38595928285716 12.487866367606918
53.23567654172194 12.492946306867307
52.960789876435456 12.49316574321761
52.756083713317565 12.492532056024706
52.5193803215798 12.490724545572412
52.250287766245094 12.48776344385064
51.939576047833526 12.486969991199148
51.722849208969535 12.489767423327633
51.32824198039799 12.493299383522041
51.10094079125835 12.499428461485367
50.9139577751954 12.503449777240338
50.78227625671465 12.51306372173726
50.6153050456702 12.535722619067185
50.52145368386567 12.557380513149683
50.38931735937146 12.566922475254495
50.23936786543382 12.58294554464149
49.99250036689469 12.590354993733637
49.98896827690362 12.499166665567186
@