74.69375566926675 17.047297972347256
74.9996315618398 16.996898455158117
75.28661048872885 16.92797978814744
75.60364075821377 16.877090691451983
75.88023628294792 16.786234823923824
76.11580220655131 16.71966719000377
76.45013985250276 16.666689129378092
76.7169399267728 16.619912762984
77.08047330962276 16.589893059564815
77.35328062541544 16.642692688531554
77.75662001889577 16.56495954625413
78.16866391871102 16.485909139042704
78.57479329533282 16.378388210317205
79.03174297954038 16.351796116490345
79.49081954575533 16.329341753418902
80.13775536960836 16.524668198917578
80.42639693415452 16.396804843853364
80.70851275749368 16.19206781113095
80.6480761386074 15.946934453127012
80.56229637875819 15.731300284226705
80.46480184672157 15.548763204907283
80.3144157981817 15.327627705971713
80.04811785446421 15.238747085700384
79.73288667246146 15.118701798922052
79.21059979718788 15.11336703295346
78.77131052091428 15.100514198394563
78.00459976572469 15.02816577827332
77.43909351288505 14.969156494290747
77.12253140760004 14.868711032444978
76.74922863365842 14.69703534232788
76.26337802192782 14.501303646442167
76.15616244475825 14.303689157073986
76.28010001785125 14.136281537338078
76.74798300224634 13.975397178088521
77.0427049741111 13.748117768518341
77.32392288778783 13.565274497754821
77.50621489359 13.401530173202843
77.74521363818329 13.028140019806562
78.07607552846312 12.787040697052703
78.49992184575254 12.564471440319256
78.82561726816724 12.364372511752178
79.10969980067819 12.087340974113385
79.16572278489718 11.80653796076985
79.18842990632342 11.51940302259691
79.18696051848988 11.114440444345274
79.67749041974182 10.796717349438975
79.92817070870638 10.483814967158501
80.28797934237403 10.178407283884189
80.61348544216509 9.855961811353566
81.04855932478588 9.532454142963639
81.2562250316125 9.234519366771993
81.6118694904113 8.872356670247678
81.7672279994091 8.483448038843846
81.86751289780568 8.084525055465514
81.91035187089898 7.6797959179784145
81.8862992037422 7.206580950238808
81.67517814370382 6.886478992564431
81.5474148586631 6.496907943931806
81.39994296868329 6.181003417072716
81.07995417535449 5.898704242738919
80.68709979223487 5.574361267479663
80.25835426607264 5.270051043674641
79.85507395280499 5.035701906955488
79.3102518695778 4.717753054306037
78.92269548378843 4.439050123774869
78.57943162365831 4.21844541185218
78.21994477526667 4.008016784827568
77.76989826821745 3.768273979029786
77.49275478297176 3.5502558252378194
77.19935190890402 3.341342768197485
76.99493653819016 3.11317746060924
76.67227631490195 2.922091634393375
76.25293457004759 2.709123602024512
75.91632003140265 2.4804912964117136
75.65413344756973 2.3432494641615023
75.47591158985276 2.1848545265453296
75.29014375813344 2.0317711818078124
75.07972361104447 1.7869433730713524
74.74660377838873 1.4877348991726045
74.21427326849405 1.3633308460515643
73.3637391756157 1.2475842215198227
72.61450425988923 1.1931853211209393
72.19352930376365 1.1359174260636848
71.52210346344549 1.022369630654076
70.86152279343469 0.9481051003658898
70.12433049052808 0.8556106642068357
69.23130373738476 0.762437852223389
68.74492151303352 0.7237500863401927
68.08207767907166 0.7162333486581147
67.03608422533938 0.6166809865087082
66.86664068620544 0.4668722247612713
66.68315407893138 0.3524252229722791
66.60568993412826 0.19613655162659782
66.4440429038273 0.05788250640866721
66.30159766575503 23.89451385000842
66.08437278821609 23.748579904709885
65.9384944461541 23.62119642104073
65.70551643343987 23.534952368729638
65.49538144922894 23.423493576185827
65.351213860196 23.328269531386354
65.19426899408552 23.259610675806638
64.92824434058102 23.16289569205317
64.59593760806158 23.077106020517636
64.32526942950753 23.005607488383646
63.95547542174111 22.905438827286535
63.59580586911608 22.805124383340633
63.21988984423572 22.727681467758682
62.850005867885955 22.64938187154103
62.46705960918854 22.533066347606123
62.04792253929145 22.401751867082698
61.77466946360215 22.313931663118233
61.53780271208521 22.20453105162553
61.38262645799631 22.08937978236492
61.07162832417825 21.952362477694265
60.88684884869241 21.825269083518087
60.714694929766694 21.733508947835638
60.586873182301986 21.65673481079138
60.690538267405856 21.567258574557513
60.71867748867143 21.452148258320932
60.753615454918105 21.34012557549955
60.79632501855508 21.23117767857874
60.91734735386103 21.15172135378349
61.002263782754596 21.0902409749772
61.204353155852715 21.011832069724786
61.33710870408342 20.938322537706213
61.46247959159072 20.893792842678153
61.77416632761543 20.831487994322373
62.166197798646834 20.806772236391744
63.34965428454814 20.640095436392755
63.408747113857885 20.57073927139426
63.683584989206224 20.509590006470976
63.72193518594469 20.4233024388927
63.63695902125622 20.371958609431225
63.463116026768915 20.300807765031788
63.195786729287335 20.250606944980746
62.91394501546816 20.188953412597566
62.7016749911603 20.126271310074998
62.563478291723754 20.063272477528137
62.44203781417545 20.010534314576134
62.17338904066483 19.945655934584547
61.855680792684296 19.910641266056775
61.52367085305585 19.864011439501972
61.18589181049961 19.816310035355425
60.85479762520782 19.789477660129982
60.4267563276409 19.749523146075504
60.077849988289785 19.721267761100073
59.544836698229346 19.689162101318743
58.900307652187564 19.65432628678115
58.32401497126338 19.62015603426884
57.81923988768483 19.575083612446342
57.11403844245066 19.561072557751054
56.48738091331873 19.548793967754886
55.83968337419981 19.536268159400475
55.06743598388948 19.53399486207406
54.515609306539375 19.548882788637968
53.699949743295406 19.546982635292792
50.66386636840943 19.52139200319569
51.13937728599291 19.489615648548313
51.71533750296234 19.434168336711352
52.052607403381415 19.38841152307001
52.548060642056555 19.372025681911786
52.894489864540844 19.327569485013218
53.49892357620237 19.28909230009366
54.34432013761253 19.25703742262892
55.40487479684285 19.23184735624441
56.089487680482875 19.224071920366125
56.538153592051 19.211141370135635
57.092224561331875 19.189574548678287
57.629630562807165 19.180531878672227
58.090043502699984 19.122453887699116
58.43443148045958 19.08557280738685
58.54046958708287 18.993238708251894
58.71959950186684 18.93909200600509
58.828562617676084 18.869904871781273
58.93048893386592 18.81215721859879
58.891250991849205 18.722784199873022
58.816885254914155 18.655731562111143
58.75115669556189 18.58782860068614
58.41390188776751 18.492904424790627
58.25954489536184 18.41762285641676
58.46778324612063 18.343851751533844
58.75680297840725 18.28732829634185
59.19599752616452 18.2240153159695
59.81950142754664 18.2152230554991
60.30663657832372 18.243601905691527
60.73966051043399 18.283776345727492
61.19715100257093 18.31197279465671
62.26457843988513 18.340579210866295
62.45711034800942 18.28482660868051
62.69831557430149 18.21769976793872
62.82597829663962 18.155118968873794
62.917670850562445 18.103266782165676
63.06012059634813 18.039469918824217
63.128820033498044 17.967873774897253
63.10775299995029 17.91852357344599
62.987377020217224 17.81016071504979
63.266700567316605 17.71774244979534
63.589322208678 17.64460802375511
64.0591213166202 17.567478275644437
64.4460758457522 17.53626505656915
64.88934279812008 17.49375204827813
65.25683723281551 17.442716962178764
65.83529570572153 17.399798223146565
66.39978488295682 17.336813180586702
66.83678055146396 17.276405759398177
67.21586142810133 17.22839403305109
67.72467676790117 17.157559625771444
68.36679387253434 17.1117066779872
69.71436023526945 16.99407940640822
70.2137029803389 16.979699638656278
70.74110310651847 17.006330307692195
71.13563057621434 17.031938284243232
71.58514348396614 17.111585343978305
72.59644390871142 17.052886729553506
72.97023350145341 17.064890924919013
73.4665243104181 17.063545252062635
73.95376769456601 17.066545901383627
74.36612278439841 17.080952402426576
@51.57904002882344 9.66090305424217
51.660901310691 9.654896727258585
51.76922423763813 9.656827336190723
51.89540011578231 9.65908722679089
51.982986296472944 9.662534817387375
52.07045094562193 9.665989088365764
52.155372520015334 9.671280772856443
52.25807125475643 9.67690992630123
52.33781328111479 9.685887083833423
52.4530890704479 9.6955422871107
52.55024902352733 9.704884043794312
52.61158732867824 9.713569487130545
52.70584824501125 9.724778315532017
52.80486426307098 9.732330177713946
52.941596777965344 9.738742462890992
53.10072187992924 9.741834251278664
53.22423585827096 9.74424907841683
53.365126576822036 9.747019771415857
53.50318402630765 9.751650776687868
53.64093846213714 9.756297749452813
53.763468540396076 9.75875613175144
53.86060437313404 9.766432423803352
53.97236931147043 9.776335135949683
54.029047943917135 9.787040887541806
54.09247843607244 9.805541603295588
54.16084926517314 9.820348609358195
54.19697417264922 9.83258210165906
54.23296114243564 9.844822035479048
54.23690837944477 9.854470768660496
54.22082472006514 9.865601576811004
54.187391354510964 9.876353524802298
54.16576885843668 9.89117750168602
54.14675598899174 9.904140872077358
54.130390122769 9.915246648452147
54.105721878936265 9.931895418981346
54.03389876247522 9.932219140718558
53.96749571372655 9.928849949149303
53.880958004262794 9.926953137418622
53.77696424147362 9.924683640371095
53.719445829041405 9.927238333239329
53.668308173985736 9.93753726308914
53.66918406099671 9.948966048287579
53.736540228561864 9.963764679353453
53.76903829139863 9.977807396367211
53.73779467239186 9.986624864184412
53.645649670820205 9.988371750391133
53.54163274516779 9.986058628315567
53.43745388568021 9.983752894418462
53.29829701857366 9.980690020327177
53.106487014816935 9.976499785289256
52.963891464210576 9.975296600211031
52.82377272943327 9.972275358964248
52.677878480902535 9.972916509045069
52.54657415857349 9.975759441782031
52.41232811813262 9.980421133063233
52.29828069450636 9.98363282226231
52.16641588001667 9.986468194163157
52.090192242101665 9.98860636736486
52.02886392858639 9.992930563083544
51.91982714362513 9.992506742027562
51.825649208636946 9.994269793751883
51.69582372721365 9.995290195414773
51.58907551468485 9.993067819654712
51.482167236872385 9.990852426239929
51.3572387796232 9.988276588540822
51.27058833729458 9.984638674125804
51.207141457043264 9.977766327709745
51.15167472525556 9.96549246019093
51.09678196923679 9.940245541550425
51.112746170854365 9.92942167239054
51.14926258746166 9.91714399587223
51.203669778492326 9.905211756583013
51.2527486483954 9.896883650593296
51.34031185854559 9.887445326286926
51.371338078969984 9.878748449739387
51.42287620368759 9.868586065270893
51.47175996857828 9.860227009287026
51.507829309400734 9.847884698041407
51.54381951427314 9.835533404943032
51.57716925021714 9.824988843531008
51.61811011425331 9.808987053200962
51.66926505998546 9.798768341219892
51.684461191054595 9.787857554124901
51.702108503339815 9.775123090157983
51.699197130320584 9.763865558912164
51.675732377917825 9.754091316710017
51.63418790547985 9.743985536624848
51.59499936446409 9.732066338652004
51.555673505834704 9.720153819664041
51.49815081155984 9.707919824871304
51.424784695295955 9.693552230418781
51.42118570419419 9.68231359830585
51.45611659570031 9.669898922025137
51.57904002882344 9.66090305424217
@49.991659900492095 11.999278205485473
49.98788129392173 11.899134068152554
49.98394337081274 11.79901446674163
49.98187118866488 11.734919921726684
50.10518483215259 11.72342754738313
50.2550685713027 11.706896161287462
50.36330269203597 11.692540627298262
50.495935590339 11.682584976417585
50.628389408606864 11.672615229268443
50.801913420504036 11.660410339157924
50.97512743031771 11.648184079086905
51.13964205500358 11.639278170930197
51.35325716756259 11.624782567130914
51.525481144248715 11.612493171055899
51.70575336134519 11.596820316899517
51.79576444695951 11.588970618835475
51.95886728671093 11.57998736408903
52.154007080243474 11.572119310937792
52.40479382496653 11.569891632551332
52.558441694900864 11.564276935978128
52.71181218758278 11.55866069743065
53.01772342310028 11.547423495024793
53.193768959979565 11.54635564069932
53.42446507192997 11.551021649387089
53.61431278467131 11.557982372191479
53.72371260742048 11.569468698898085
53.83274044353544 11.580976282694946
53.932955643287244 11.595915303017499
54.07825313094193 11.6200652057961
54.13777491382831 11.637264800641875
54.30398529066602 11.666081401823428
54.45008560751751 11.675522066336496
54.60426739127681 11.681589657485938
54.78004380630529 11.692316117934215
54.93781104342176 11.709902872850192
55.042525584098655 11.721653803610346
55.10760128493564 11.76188462411728
54.8773525237022 11.759971203107419
54.65941708358338 11.766108702976785
54.42345731096941 11.779012761450742
54.26580760700227 11.78760352567655
54.151976585194916 11.80536978293615
54.077513827962036 11.820962948783867
53.9854248384498 11.843239851088915
53.74802457672877 11.88183939124125
53.54534898531179 11.906944769972815
53.38649717259136 11.91535213402961
53.236205610795395 11.920430713314765
52.961285562813686 11.920648645054325
52.75655308695286 11.920013945328424
52.51981717752193 11.918205405509484
52.25068582311269 11.915243268152611
51.93993488733881 11.914448379050965
51.72318808311897 11.91724446608854
51.32854192145746 11.920774202446287
51.1012280419186 11.92690158049355
50.914232729534916 11.930921629057828
50.78255858474904 11.940533959449471
50.61562239093362 11.963189760195304
50.521812997787805 11.984845083679469
50.38968623992321 11.994385559376244
50.23976116494913 12.01040649081238
49.992585149227324 12.017823353464223
49.991659900492095 11.999278205485473
@