74.69364950492451 17.403598990716734
74.99943495355015 17.353195360020777
75.28630177962759 17.284275908701026
75.60324815968193 17.233381501361336
75.87971166734431 17.14252869521223
76.11518397695627 17.075961823102535
76.44944643393788 17.022976652174272
76.71618352058294 16.97619488683089
77.07967472462616 16.946160148304077
77.35254017525546 16.998932748012194
77.75578330290071 16.921188558710803
78.16773510431881 16.84212520174033
78.57374803556823 16.734596205459276
79.03067097026397 16.707971811999617
79.48972684656098 16.685480392673128
80.1368614288998 16.880698429584037
80.4253764449935 16.75282903429448
80.70730123167951 16.548104943335616
80.6466458405821 16.30304158190718
80.56068564466807 16.087477374276276
80.46304763877188 15.90500495860472
80.31249976540309 15.683953579177635
80.0461349955624 15.595128875077208
79.73081889503422 15.475152413375497
79.2085141560035 15.46986699215314
78.76920503377809 15.457054782380451
78.00243101480217 15.384785850482436
77.4368767552848 15.325832146407222
77.12025341785201 15.225436462943733
76.7468607237742 15.053833669901993
76.26092311136426 14.858185425923335
76.15364479781877 14.66063267481325
76.27754389059112 14.493265342435398
76.74540017012225 14.33240117878898
77.04009067578 14.10516683034256
77.32129020743122 13.922356007007433
77.5035706211155 13.758643044736802
77.7425604267633 13.385328130818161
78.07341941309775 13.144266273090915
78.49725999034331 12.921725646089222
78.82295221398809 12.721654427754428
79.10703840016726 12.444666624997232
79.16307901639789 12.163912403557864
79.18580778675013 11.87682413677202
79.18437078629557 11.471921236135932
79.67489273975923 11.15424540662559
79.92558007012238 10.841392501557728
80.28539148203092 10.536041098566534
80.61090921969881 10.213661198872737
81.04600131331321 9.890235552566617
81.25370004050075 9.592372392917781
81.6094004116182 9.230315729471153
81.76483998928668 8.84150776723127
81.86522932685571 8.442685800481968
81.90819658389839 8.038053114965681
81.88432228092123 7.564938264449444
81.67332269303986 7.2448694486195455
81.54574249600202 6.855354292683753
81.39843322145131 6.539482926076449
81.07857835867031 6.25718044323289
80.6858900103272 5.93282702568434
80.25730798664355 5.628496068446523
79.85415416146716 5.39412063136351
79.3095214205548 5.076134553879847
78.9221612631018 4.797404332738701
78.57905760348689 4.5767712869129795
78.21972688717813 4.3663102346733815
77.76986119860436 4.126524302194891
77.49290497791353 3.9084730525806535
77.19968041560821 3.699522806022763
76.99547293852163 3.4713202692075242
76.67296825198665 3.2801910983830567
76.2537907025656 3.0671693791723484
75.91735728763143 2.838483650719688
75.65526924755568 2.7012059627006835
75.4771676593287 2.54277524901347
75.29150895712874 2.389656309557715
75.08125847502185 2.1447752824488937
74.74831730987384 1.845499814284011
74.21601589836442 1.7210547342040812
73.36546581777105 1.6052610250138528
72.61618076500434 1.5508312614448627
72.19518977419091 1.4935434520323412
71.52374402719465 1.379963626742157
70.86311611290529 1.305675063631874
70.12586757499398 1.2131559869132786
69.23275157943527 1.1199593704308164
68.7463097442976 1.0812611755565555
68.08335768377404 1.0737334890004142
67.03722100377246 0.9741644458699099
66.86782048812773 0.8243550842537104
66.68436347320494 0.7099099583733057
66.60698723453288 0.5536284344398048
66.44541616629303 0.4153834361027364
66.30309376081183 0.2520288183848436
66.08598806223162 0.10611080361768899
65.94024417029559 23.978742702087224
65.70735006110942 23.892512070238084
65.497356679934 23.78107038812606
65.35333196472766 23.685860836747757
65.19649439396068 23.617213959268064
64.93063390586624 23.520517558816373
64.59848519950447 23.434747884832817
64.32796620276869 23.363266333787948
63.95840861027904 23.2631215624234
63.599008321821486 23.162830677418018
63.2233265595512 23.08540990745188
62.85370482285347 23.007132158542255
62.471177418240444 22.890840213376045
62.052561851616986 22.75954849977456
61.77968431150421 22.671740748977463
61.543288045268525 22.562346932697768
61.38859986504667 22.447193205986167
61.07823878385017 22.310173097264375
60.89402508631562 22.183064704840433
60.722297012737926 22.091291592080495
60.59482397865702 22.01450296579467
60.69876435311994 21.9249937003549
60.72728455335013 21.809842020845885
60.762560903680765 21.697774263642042
60.80556462918665 21.588778254379584
60.92672688090764 21.50928071907134
61.01174297372623 21.447767881604797
61.21388330624998 21.36931269456411
61.34670277566403 21.295761334540657
61.472075190258124 21.25120427920769
61.78366655880532 21.1888560629849
62.17548946943097 21.164113680242796
63.35841162316916 20.99731332088283
63.41751927113344 20.92792053357875
63.69222703956248 20.866732571075033
63.73058384576413 20.780400576906317
63.64566662681656 20.72903295419058
63.47192855184497 20.65785001744454
63.20475435150885 20.60762931410078
62.92306780248694 20.54594955786331
62.710899979751474 20.483238692945314
62.572748110633114 20.4202092970245
62.45134002129896 20.3674455639508
62.182794896563365 20.302537272411367
61.86524692807103 20.267508397365972
61.533387604883956 20.220858003136453
61.195754621201615 20.173135050102513
60.864830910877714 20.146291533691183
60.436997773245 20.106319299455357
60.0882661802346 20.078051296045647
59.55553981483948 20.04593151818208
58.911364864713164 20.011079766165317
58.335378839513595 19.976892770236077
57.83082477459004 19.931796857682713
57.12607199013462 19.917778552490216
56.499818846152095 19.905493003024496
55.85254450892813 19.892959510181505
55.08085613895085 19.890683624566318
54.52950216173329 19.905579232745524
53.71446172150527 19.90367606034753
50.68069508899708 19.878057707314362
51.1556461452233 19.846262995752568
51.730853038999385 19.79078444174677
52.06761897820118 19.74500282790835
52.56261592803523 19.728610972770497
52.90855936304999 19.684132971480345
53.51236802725549 19.645640281120237
54.35703071950496 19.613575891473197
55.416774907908945 19.588381660410334
56.10092093219865 19.58060733709845
56.54925341304417 19.567674068635323
57.10289864950195 19.5461016721216
57.63995060223107 19.53705853410855
58.099868082299366 19.478960865669883
58.443920021578066 19.44206849609786
58.54953227119782 19.34970410685374
58.728351338284796 19.295542082925635
58.83697747619266 19.226336290167335
58.93861691854684 19.16857461615321
58.89902031939607 19.079180959986914
58.82439858899889 19.012114473003525
58.7584014276369 18.944199292904496
58.42085343714416 18.849258928059427
58.266210796259 18.773967869679375
58.474046093327985 18.700192395370358
58.76272328253333 18.643667771323187
59.20151185534428 18.580355344070625
59.82479889132449 18.571566934123773
60.311908085403815 18.59994988048576
60.74496225486865 18.640128929045318
61.20242247018962 18.668329762233377
62.269628048533804 18.69694368721534
62.46190638386673 18.641187988254618
62.70281000760406 18.57405856494681
62.83022361981037 18.511476075360306
62.92171613053276 18.459623236459162
63.06391596040859 18.395826613927298
63.13236067403156 18.32423173864956
63.11113458867584 18.27488304073551
62.99042524128902 18.166525613935903
63.269397440502274 18.074114702353988
63.591734120372564 18.00098722417101
64.06122525654533 17.923865511619656
64.44803113903444 17.892655362660303
64.89111435326888 17.85014654949058
65.2584186284893 17.79911692552957
65.83668981715184 17.756201655870527
66.40095140139505 17.693222594844748
66.83775112974615 17.63282142950412
67.2166797154884 17.584814408317964
67.72528578710723 17.513987234543002
68.3672481519113 17.46813551706301
69.71447559781768 17.350511473158424
70.2137583325266 17.336126331287097
70.7411735536289 17.36274299308827
71.13572137889727 17.388339106343935
71.58534593160152 17.467964266463937
72.59647431000747 17.409251563951816
72.970259542929 17.421244109758646
73.46651647103641 17.419884598354077
73.95373435586467 17.422869721519486
74.36608651040976 17.43726028317584
@51.579261381197284 10.018090642283687
51.661097002943364 10.01208373993349
51.76940253037466 10.014015825276198
51.89555823084325 10.016277439934257
51.98313352459627 10.0197266481896
52.07058731959614 10.023182536011262
52.155501474890684 10.028476220636401
52.258189944172614 10.034107618139148
52.33793122707894 10.043087538691529
52.45320049252467 10.052745991613136
52.550356636835346 10.062090748534217
52.61169665556912 10.0707787010637
52.70595672114368 10.081990905986277
52.80496538307386 10.089545372661737
52.941681763263944 10.09596035874927
53.10078180520702 10.099054323409433
53.224276436988646 10.101470843828261
53.36514519925055 10.104243472548072
53.50318390151054 10.108876790230914
53.64091970614999 10.11352607282218
53.76343095402356 10.115986146952666
53.86055967583468 10.123665007644197
53.97231773086955 10.133570896504699
54.02900028048299 10.144279471761074
54.09244327532761 10.162784741635505
54.16082048070939 10.177595551786615
54.19695404960851 10.189831999817864
54.23294945409393 10.202074889495183
54.2369076065587 10.21172573705908
54.220840133500445 10.222858808767555
54.18742552850071 10.2336127972225
54.165824160714294 10.248439813687684
54.146829538742026 10.261405853316699
54.13047913440951 10.272513924523167
54.10583377274804 10.289166148866059
54.03402442782797 10.289489360327263
53.96763013501544 10.286118887461924
53.881106587788224 10.284220955659203
53.777129903886134 10.28195011423083
53.71962519540139 10.284504913242174
53.668508580166474 10.294805737406637
53.66939670244173 10.306237091327128
53.736755776870694 10.321039565526553
53.769262233211435 10.335085681745221
53.73803358015354 10.343904893836788
53.64590800231284 10.34565148190045
53.54190872099835 10.343337058557674
53.437747599253385 10.341030023112227
53.29861452840302 10.337965413276908
53.1068375182916 10.333772791158914
52.96426864096827 10.332568272201904
52.82417428774872 10.329545296418734
52.678309596604095 10.330185523748437
52.54703443883429 10.333028164778835
52.41282022612822 10.337689984172044
52.29879914721187 10.340901617949633
52.16696398129366 10.343736729740655
52.090758070846846 10.34587487725917
52.02944680260185 10.35019967909191
51.92043181820523 10.349775000239333
51.82627503381789 10.351537826907872
51.69647732550425 10.35255758605424
51.589748788172244 10.3503339435822
51.48286028540352 10.348117284086657
51.35795502564645 10.345539970167232
51.271318707134355 10.341900577604473
51.2078775470728 10.335026113095594
51.15240871520547 10.322748849492948
51.09749832663513 10.297495345964245
51.113446349285994 10.2866689359867
51.14994033966465 10.274388519530229
51.20432158872205 10.262453769688292
51.25337994449251 10.254124004451354
51.340913248716106 10.244684053986042
51.37192202563858 10.235985315622738
51.42343650994968 10.22582088424196
51.472299414793014 10.217460205989923
51.50834511976737 10.205115231168552
51.544311463433985 10.192761286548937
51.577640121560904 10.182214494878343
51.618550624994924 10.166209261979064
51.669681003373256 10.15598857508222
51.68485858568556 10.145075359839192
51.70248402105824 10.132338072978825
51.699556733041646 10.121077895536258
51.67608209047478 10.111301177146615
51.634530583537725 10.101192685927874
51.59533154588516 10.08927037814306
51.55599493291851 10.077354751566341
51.498464230421945 10.065117411478402
51.425089424853184 10.050745834641242
51.42147285651231 10.039504585678653
51.45637654018603 10.027087393746447
51.579261381197284 10.018090642283687
@49.98952824377585 12.299188707292652
49.98564771231284 12.19905881145744
49.98166395428103 12.098954215653643
49.98153889844912 12.092596166432847
50.1054098545313 12.081050774037683
50.25530432856354 12.064517032798996
50.363549534304354 12.050159481521861
50.49618320766646 12.040202260202427
50.628637417030546 12.030230927595897
50.802159999021455 12.01802404745276
50.97537198474839 12.005795775984362
51.139880121895374 11.996888285459342
51.353490353946086 11.982390234135691
51.52571056349814 11.970098768806842
51.70598199281022 11.95442336124415
51.79599239345623 11.946572375595865
51.959086550393636 11.937587473934263
52.154211718942776 11.929717826699129
52.404969163424596 11.92748914623352
52.5586042980957 11.921873263755357
52.711961882448236 11.916255836620515
53.01784679836561 11.9050162499052
53.19387056174136 11.903947742514331
53.424531151490015 11.908613691788887
53.61434623132098 11.915574756667137
53.72371888324997 11.92706223387078
53.83271968342808 11.93857094181399
53.93290516985007 11.95351151152833
54.07815686121086 11.97766388247062
54.13765149568522 11.994865320516999
54.30380828566717 12.02368465875591
54.44988018843992 12.033125846903017
54.60403666336035 12.039193532644525
54.779780044126056 12.04992048974248
54.937508779319586 12.067508495418728
55.042197820043214 12.079260225173476
55.10721977737248 12.119494792256777
54.876998883441274 12.117582148046225
54.65908026372614 12.123721148287569
54.423130577403555 12.136627429552142
54.26548722418835 12.145219664969632
54.15164572417777 12.162988075718884
54.07717057859887 12.17858299665172
53.985061713613135 12.20086229439369
53.74763280252236 12.239466158418045
53.544941551291345 12.26457444736167
53.38609267385496 12.272983145393303
53.23580774617747 12.27806274745598
52.96091280472788 12.278281810710283
52.756200118175514 12.277647872435466
52.51948866462479 12.275840106718467
52.25038649014962 12.272878748168846
51.93966504902565 12.272084939313888
51.72293326057377 12.274882037918992
51.328316380053025 12.278413446691449
51.10101204514481 12.284542103169159
50.914025980888965 12.288563104726515
50.78234629110028 12.298176649042194
50.6153837628996 12.320834778673504
50.52154280725003 12.342492035477505
50.38940885514913 12.352033629064417
50.23946541618719 12.368056168415178
49.99266551667105 12.375463123073141
49.98952824377585 12.299188707292652
@