74.6936858121392 17.12443272286656
74.99950206944993 17.074030491996282
75.28640708115279 17.00511130597359
75.60338203718655 16.95421870621476
75.87989051431097 16.863364854822336
76.11539471198739 16.796797721427893
76.44968278125594 16.743814971005424
76.7164413238911 16.69703504339328
77.07994689635751 16.667005425314336
77.35279254605837 16.719787233235753
77.75606846579123 16.64204680454854
78.16805163980584 16.562987856194354
78.57410423658416 16.455461604660474
79.03103628528518 16.428848212017446
79.49009921189031 16.406369413695376
80.13716609876002 16.601624382469158
80.4257242218714 16.47375703987841
80.70771408045837 16.26902853334641
80.64713320388395 16.02394132256282
80.56123446376054 15.80835327960291
80.4636453236198 15.62585883474256
80.31315256523533 15.404778799418697
80.04681055391387 15.315935049120329
79.73152337371772 15.19593514414322
79.20922471633577 15.190632917011023
78.7699223515182 15.177806870886672
78.00316987658246 15.105510865078944
77.43763196579837 15.046538230128617
77.12102948227778 14.946125591096509
76.74766741250005 14.774497967623072
76.2617594295642 14.578821298287641
76.15450248183126 14.381247517594245
76.2784146795145 14.213866462168035
76.74628005401956 14.05299541879065
77.04098127533265 13.825745721271165
77.32218706666575 13.642923845456728
77.50447142740774 13.47920020052861
77.7434642746567 13.105859658883482
78.07432424883888 12.86478503991455
78.49816678056911 12.64223466108357
78.82386009323037 12.442154004258596
79.1079450340622 12.165151305041153
79.16397964346038 11.884380464829992
79.18670103897071 11.597276301514784
79.18525300607226 11.192353074287604
79.67577766780644 10.87466114629001
79.92646260065246 10.561791389359499
80.2862730678205 10.256420817707385
80.61178684338952 9.934018584475439
81.04687273685687 9.610565002613237
81.25456021921008 9.312677451005072
81.61024154970801 8.95058467396226
81.76565351807346 8.56174242380246
81.86600728620434 8.162886049731389
81.90893085173866 7.758220510193951
81.88499579891504 7.285071554810573
81.6739548361166 6.964991446018701
81.54631227687199 6.575457246547835
81.39894761180585 6.2595745795920585
81.07904712676853 5.977273218480143
80.68630221907847 5.652923351944516
80.25766449725612 5.3485994518045885
79.85446758191244 5.114232969685364
79.3097703380183 4.796259567466031
78.92234333190368 4.5175386383690395
78.57918509619142 4.296915241207262
78.21980118903039 4.086465231805789
77.76987389860707 3.8466939876867556
77.4928538806783 3.6286540096780584
77.19956857041589 3.419716429773583
76.99529026765401 3.1915265730424167
76.67273259099062 3.0004121666780073
76.25349910075516 2.7874087355026305
75.91700397820418 2.558741205255579
75.65488236440908 2.421475731731057
75.4767398013511 2.2630572052608073
75.2910439194759 2.1099503914625686
75.08073563416997 1.8650874937888489
74.74773359846759 1.565834848575804
74.21542227138218 1.441403745883001
73.36487763410466 1.3256260781034044
72.61560965914023 1.271206829497764
72.19462412952362 1.2139258046903478
71.52318516214604 1.1003568915425745
70.86257334081483 1.0260765161332515
70.12534395868221 0.9335658341108299
69.23225836327885 0.8403773274856121
68.74583683462924 0.8016826856255221
68.0829216419383 0.7941587292366492
67.03683375253581 0.6945953690422968
66.86741858062283 0.544786211752502
66.6839514849477 0.43034044678833183
66.60654530071659 0.27405648786127657
66.44494835588713 0.13580840744356237
66.30258410734723 23.97244900701036
66.08543781058967 23.826525565010485
65.93964811834513 23.699152223014437
65.70672542789882 23.612917019054088
65.49668381017204 23.501469507635182
65.35261042544039 23.406255018460662
65.19573630507304 23.337604060140784
64.92981989512793 23.240901328488896
64.59761735874693 23.155124841491805
64.32704754473764 23.08363750505771
63.95740941979352 22.98348459444638
63.59791740924271 22.883185682745772
63.22215584860234 22.80575736762225
62.85244478353408 22.727472175059
62.46977470054861 22.611172195846734
62.05098148893674 22.479872724407436
61.77797602613069 22.392060729893792
61.54141949202236 22.282664597195684
61.38656505084481 22.167511706335574
61.07598696088891 22.030492551262576
60.89158053192966 21.903389267338234
60.71970739516033 21.811620574948876
60.59211557231254 21.734836884501192
60.69596216530542 21.64533887183577
60.724352581640716 21.53020128464007
60.759513658225785 21.418148884506145
60.80241717469022 21.309169267703407
60.923531760916376 21.229685773581654
61.00851390142941 21.168183995472553
61.210636871633056 21.089744577768855
61.34343456491473 21.016207469643298
61.468806458256694 20.97165973672621
61.78043031130346 20.909326297176186
62.17232426472208 20.8845929862561
63.35542843543456 20.717834726976555
63.414531038298406 20.648454417967777
63.68928312939266 20.58727964076725
63.72763768906967 20.50096278402332
63.642700394122414 20.449603268401102
63.46892658444895 20.378431266526505
63.201699555847995 20.328217338133562
62.91996015705405 20.266546517256593
62.707757526621776 20.203845452588084
62.569590393254714 20.14082647047507
62.44817127728055 20.08807144983672
62.17959085400679 20.023173350025157
61.8619882934299 19.988149315682378
61.530077671828224 19.94150592953127
61.19239494301797 19.893790318876363
60.86141316807465 19.866950598737876
60.4335091319804 19.82698440242421
60.08471802075499 19.79872069861333
59.55189392783598 19.76660573146043
58.90759837195836 19.731759410146466
58.331507901466495 19.697578119442632
57.82687856465478 19.652490210904993
57.121972963903204 19.638474376719085
56.495582085537876 19.626191199030306
55.84816360638109 19.613660325007928
55.076284832746495 19.611385322021636
54.52476984866911 19.626278313546905
53.709518537771004 19.62437617057171
50.67496286888456 19.598767265274443
51.150104616565926 19.56697880765308
51.72556810378535 19.511510897451465
52.06250570492048 19.465737732680584
52.55765806687663 19.449347925936976
52.903766974441766 19.40487735284759
53.50778853908517 19.366389944279135
54.3527011938487 19.33432879422945
55.41272143443649 19.309135980646616
56.09702647340862 19.301361277436524
56.54547252567991 19.288428934433934
57.09926277522601 19.26685843647647
57.63643532173339 19.25781545720452
58.09652157603932 19.19972449160708
58.44068798316235 19.162835967364273
58.54644530889635 19.070481896289138
58.725370267877366 19.016325091235053
58.834111201590986 18.947125653886694
58.9358483704313 18.889368755373496
58.89637395566757 18.799982128255838
58.821839435508 18.73292035803127
58.755933778662865 18.665009339047486
58.4184856720249 18.57007448732072
58.26394034268583 18.494786660064072
58.471912937135755 18.421012672100062
58.76070680868449 18.364488444446906
59.199633669196885 18.30117582666142
59.822994569768866 18.292386104288305
60.31011259778148 18.320767655654898
60.743156459352576 18.360945134993806
61.200626980755686 18.389144474982196
62.26790811905025 18.417755841812387
62.46027283305244 18.36200119628144
62.70127919618602 18.29487265087745
62.8287776672652 18.232290735480703
62.92033832220372 18.180438117333004
63.062623284650755 18.116641410976715
63.131154769043206 18.045046101553243
63.10998286461441 17.99569689011972
62.98938707868021 17.887337610105337
63.26847895961427 17.79492419077736
63.59091270652385 17.721794343636336
64.06050874674327 17.64466989146858
64.44736526153417 17.613458695676485
64.89051106134607 17.57094845213298
65.25788010999395 17.519916966018727
65.83621509169294 17.477000513193307
66.40055419983256 17.414019412760528
66.8374206705769 17.35361611471868
67.21640113049276 17.30560748942433
67.72507848425792 17.234777849704926
68.3670935568365 17.188925711826204
69.71443644594169 17.07130056526273
70.2137396214207 17.05691725354862
70.74114970027625 17.083538687235276
71.1356905915203 17.1091388420896
71.58527711401885 17.188771463888322
72.5964640968607 17.13006355860817
72.97025081494905 17.14206007290205
73.46651928422293 17.140705275276822
73.9537458553402 17.14369568719882
74.36609901016914 17.15809167869103
@51.5791859888933 9.73862235805402
51.66103035202207 9.732615651684148
51.76934180649815 9.734547234056258
51.89550438037912 9.736808261377684
51.98308338260924 9.740256918551182
52.070540874920255 9.74371225556897
52.15545755730071 9.749005258821622
52.258149523272806 9.754635891854411
52.33789105906277 9.763614871156122
52.45316254648333 9.773272217048564
52.55031998788655 9.782615951905939
52.6116594225532 9.791303049655662
52.70591977752093 9.80251410433247
52.804930945053 9.810067683755388
52.94165282132997 9.816481749737715
53.10076139990883 9.819574973008448
53.22426262205349 9.821990916578727
53.365138863680954 9.824762885858483
53.50318395207722 9.829395415781221
53.64092610333182 9.83404391149322
53.763443765750395 9.836503409270062
53.8605749096879 9.844181394925176
53.97233530925129 9.85408620160347
54.02901652416648 9.864793814956007
54.092455259422394 9.883297533437261
54.160830292313534 9.898107047695461
54.196960910356296 9.910342488836251
54.23295344122744 9.922584371579443
54.236907875065725 9.932234498866956
54.2208348878066 9.94336679948436
54.18741389169412 9.95412009284874
54.16580532612886 9.968946073865382
54.146804487787875 9.981911204204522
54.13044881605305 9.99301849366391
54.10579565912502 10.00966954144512
54.03398162285305 10.009992926745142
53.967584347355654 10.006622890371348
53.881055975732096 10.004725340140947
53.77707347387252 10.00245495669985
53.71956409701818 10.005009719560771
53.66844031424958 10.015309898420092
53.66932426828603 10.026740377285991
53.73668235218241 10.041541542283705
53.76918594896429 10.055586500532401
53.73795219751287 10.064405118426626
53.64582000284261 10.066151808066142
53.54181471093506 10.063837828023239
53.43764754678077 10.061531235973643
53.298506369676005 10.05846721745107
53.106718120203425 10.054275408535881
52.96414015652593 10.053071343993972
52.82403749768159 10.050048959113365
52.67816273766863 10.050689500804861
52.546877644802976 10.053532241224342
52.41265258974062 10.058194016991916
52.2986225363172 10.061405669663591
52.16677727042784 10.064240870079859
52.09056532099916 10.066379026357023
52.02924824611702 10.070703621718659
51.92022583528157 10.070279235096233
51.82606184581991 10.072042138443763
51.696254676468044 10.073062116485666
51.589519436760526 10.070838905544937
51.48262419760616 10.068622677365859
51.35771103560725 10.066045866351509
51.271069905861395 10.062406977345823
51.2076267973743 10.055533234395053
51.15215868122786 10.043257127710081
51.0972542999327 10.018005867396226
51.1132078343027 10.007180322970374
51.149709464594366 9.994900839894242
51.204099551207236 9.98296694528688
51.253164895420326 9.97463774527977
51.34070838745956 9.965198348765941
51.37172310682345 9.956500244641017
51.42324564461475 9.946336510549447
51.47211565574776 9.93797638492801
51.508169412727455 9.925632317468418
51.544143885174094 9.913279276103248
51.577479723858175 9.902733244180535
51.61840057024159 9.886729184009004
51.66953931789169 9.876509169870781
51.684723219260434 9.865596781789044
51.70235610750319 9.852860456561213
51.699434241374405 9.841601180561696
51.67596296827915 9.831825305704115
51.634413858048816 9.821717738056465
51.595218396564036 9.809796489653701
51.555885447561025 9.79788192170113
51.49835747358793 9.785645721216628
51.42498562866112 9.771275501013285
51.421375048507656 9.760035143492257
51.45628800108588 9.747618808518066
51.5791859888933 9.73862235805402
@49.988743317487575 11.999161433287705
49.98483295516482 11.899036492561246
49.98165319140932 11.81296131526391
50.10533321989496 11.801434084978073
50.255224036471446 11.784901146029968
50.36346546558079 11.770544281949679
50.49609887454815 11.76058759561455
50.628552950319914 11.75061680310903
50.80207601896791 11.73841060089134
50.9752886937689 11.726183014627189
51.13979904058547 11.717276063158172
51.35341093469361 11.702778845612773
51.525632427118325 11.690488085199497
51.7059041242903 11.674813547480648
51.79591475802604 11.666963000461367
51.95901187249413 11.657978659846659
52.154142022820565 11.650109555667074
52.40490944839658 11.647881216600092
52.55854892118958 11.64226573812543
52.711910902624254 11.636648715908073
53.017804784047826 11.625409941458805
53.193835964580245 11.624341656564159
53.42450865516119 11.629007626116683
53.61433485164099 11.635968574499982
53.72371675966164 11.647455659806246
53.83272676998055 11.658963984829107
53.932922378687266 11.673904026763005
54.07818967125334 11.698055556956682
54.137693554318275 11.715256367132774
54.30386859947336 11.744074773034631
54.44995018177269 11.753515782836965
54.604115278326475 11.759583436387153
54.77986991251382 11.770310224339813
54.93761176385942 11.787897803984487
55.0423094914521 11.799649261589016
55.10734975754289 11.839882552442567
54.877119370574064 11.837969643570199
54.659195021161594 11.844108132673812
54.423241899308834 11.857013656711597
54.265596382961206 11.865605390946053
54.15175845285222 11.883373068104357
54.07728752780443 11.898967391168922
53.98518543403148 11.92124587291153
53.74776628348468 11.959848264010146
53.54508036754288 11.984955561585622
53.38623049050386 11.993363805182213
53.235943303123406 11.998443058816795
52.9610398092658 11.998661736574586
52.75632038156368 11.998027538876638
52.519600597178396 11.99621950942063
52.25048848260295 11.993257885522969
51.93975699426008 11.992463708631822
51.723020090887445 11.995260462616718
51.32839323607425 11.99879130162631
51.10108565011498 12.004919522581922
50.914096435726236 12.008940199480952
50.78241863523738 12.01855333026898
50.61546507869491 12.041210666577424
50.521634875585505 12.0628672648188
50.38950337461017 12.072408477594868
50.23956619198046 12.088430469217808
49.99240444928449 12.09584782719239
49.988743317487575 11.999161433287705
@