41 42 43 44 121 122 123 124 125 201 202 203 204 281 282 283 357 358 361 362 363 364 439 440 441 442 443 444 519 520 524 599 600 601 602 679 680 681 683 759 760 761 762 763 838 839 840 841 842 843 920 921 922 923 1000 1001 1002 1003 1081 1082 1083 1160 1161 1162 1163 1164 1241 1242 1243 1244 1321 1322 1323 1324 1325 1402 1403 1404 1405 1482 1483 1484 1485 1563 1564 1565 1566 1644 1645 1646 1647 1725 1726 1727 1728 1806 1807 1808 1809 1886 1887 1888 1889 1966 1967 1968 1969 2047 2048 2049 2050 2128 2129 2130 2208 2209 2210 2211 2289 2290 2291 2368 2369 2370 2371 2449 2450 2451 2452 2530 2531 2532 2610 2611 2612 2690 2691 2692 2770 2771 2772 2830 2850 2851 2852 2910 2911 2912 2931 2932 2990 2991 2992 2993 3010 3011 3012 3071 3072 3073 3074 3090 3091 3092 3093 3151 3152 3153 3154 3170 3171 3172 3173 3232 3233 3234 3235 3236 3249 3250 3251 3252 3253 3313 3314 3315 3316 3317 3318 3328 3329 3330 3331 3332 3394 3395 3396 3397 3398 3399 3400 3407 3408 3409 3410 3411 3412 3474 3475 3476 3477 3478 3479 3480 3481 3482 3485 3486 3487 3488 3489 3490 3491 3492 3555 3556 3557 3558 3559 3560 3561 3562 3563 3564 3565 3566 3567 3568 3569 3570 3571 3635 3636 3637 3638 3639 3640 3641 3642 3643 3644 3645 3646 3647 3648 3649 3650 3651 3716 3717 3718 3719 3720 3721 3722 3723 3724 3725 3726 3727 3728 3729 3730 3797 3798 3799 3800 3801 3802 3803 3804 3805 3806 3807 3808 3809 3810 3878 3879 3880 3881 3882 3883 3884 3885 3886 3887 3888 3959 3960 3961 3962 3963 3964 3965 3966 3967 4039 4040 4041 4042 4043 4044 4045 4046 4121 4126 5404 5406 5484 5485 5562 5563 5564 5566 5640 5641 5642 5643 5644 5645 5719 5720 5721 5722 5723 5724 5725 5797 5798 5799 5800 5801 5802 5803 5804 5805 5876 5877 5878 5879 5880 5881 5882 5883 5884 5885 5954 5955 5956 5957 5958 5959 5960 5961 5962 5963 5964 5965 6035 6036 6037 6038 6039 6040 6041 6042 6043 6044 6114 6115 6116 6117 6118 6119 6120 6121 6122 6123 6196 6197 6198 6199 6200 6201 6202 6203 6204 6274 6275 6276 6277 6278 6279 6280 6281 6282 6283 6284 6356 6357 6358 6359 6360 6361 6362 6363 6364 6435 6436 6437 6438 6439 6440 6441 6442 6443 6444 6516 6517 6518 6519 6520 6521 6522 6523 6598 6599 6600 6601 6602 6603 6604 6679 6680 6681 6682 6683 6684 6685 6759 6760 6761 6762 6763 6764 6840 6841 6842 6843 6844 6845 6846 6920 6921 6922 6923 6924 6925 7000 7001 7002 7003 7004 7005 7082 7083 7084 7161 7162 7164 7242 7243 7244 7245 7321 7322 7323 7324 7325 7326 7402 7403 7404 7405 7406 7407 7482 7483 7484 7485 7561 7562 7563 7564 7565 7566 7641 7642 7643 7644 7645 

20 21 99 100 103 180 181 258 259 260 261 340 341 503 739 818 819 820 822 901 902 979 980 981 982 1061 1062 1140 1141 1142 1143 1221 1222 1299 1300 1301 1302 1380 1381 1382 1460 1461 1462 1463 1541 1542 1543 1622 1623 1702 1703 1704 1783 1784 1785 1786 1864 1865 1946 1947 2026 2027 2107 2186 2187 2266 2267 2268 2348 2427 2428 2429 2508 2509 2510 2588 2589 2590 2591 2669 2670 2671 2749 2750 2751 2752 2831 2832 5875 6031 6032 6033 6034 6109 6110 6111 6112 6113 6188 6189 6190 6191 6192 6193 6194 6195 6267 6268 6269 6270 6271 6272 6273 6346 6347 6348 6349 6350 6351 6352 6353 6354 6355 6424 6425 6426 6427 6428 6429 6430 6431 6432 6433 6504 6505 6506 6507 6508 6509 6510 6511 6584 6585 6586 6587 6588 6589 6590 6591 6663 6664 6665 6666 6667 6668 6669 6670 6743 6744 6745 6746 6747 6748 6820 6821 6822 6823 6824 6825 6826 6899 6900 6901 6902 6903 6904 6905 6980 6981 6982 7060 7061 7062 7063 7064 7139 7140 7141 7142 7220 7221 7222 7298 7299 7300 7301 7378 7379 7380 7457 7458 7459 7460 7461 7538 7539 7615 7616 7618 7619 7620 

22 101 182 262 342 740 741 744 823 824 903 983 984 1063 1064 1144 1145 1223 1224 1303 1304 1383 1384 1464 1465 1544 1545 1624 1625 1626 1705 1706 1707 1787 1866 1867 1948 2028 2029 2108 2109 2188 2189 2269 2270 2349 2350 2351 2430 2431 2511 2512 2592 6671 6749 6750 6751 6827 6828 6829 6830 6831 6906 6907 6908 6909 6983 6984 6985 6986 6987 6988 7065 7066 7143 7144 7145 7146 7223 7224 7225 7302 7303 7304 7381 7382 7383 7384 7462 7463 7540 7541 7542 7543 7621 

23 183 184 263 264 343 663 742 743 904 905 985 1065 1146 1225 1305 1385 1386 1466 1467 1546 1547 1627 1708 1788 1789 1868 1869 1949 1950 2030 2110 2190 2191 2271 2272 2352 6989 7067 7068 7147 7226 7227 7305 7306 7307 7385 7386 7464 7465 7466 7544 7545 7622 7623 7624 

24 25 185 265 423 424 745 746 825 826 906 986 987 1147 1226 1227 1306 1307 1387 1468 1548 1628 1629 1709 1710 1790 1870 1871 1951 2031 7625 7626 

26 27 187 346 747 748 827 988 1148 1228 1308 1388 1389 1469 1549 1630 1631 1711 1712 1791 1792 1872 1873 1952 1953 2032 2033 7627 

28 2113 2193 2194 2274 2275 2355 2356 2357 2436 2437 7229 7230 7388 7389 7390 7469 7470 7548 7549 7550 

29 30 670 749 831 832 1393 1394 1473 1553 1554 1632 1633 1634 1714 1715 1795 1796 1875 1876 1956 1957 2035 2036 2115 2116 2196 7629 

31 32 110 114 270 271 351 352 431 432 512 591 592 671 672 752 912 1073 1154 1233 1234 1314 1474 1635 2117 

36 117 197 198 272 273 276 277 355 435 436 515 516 595 675 755 756 835 993 996 997 1076 1077 1156 1157 1236 1237 1317 1397 1398 1477 1478 1558 1559 1638 1639 1719 1720 1799 1800 1801 1880 1881 1960 1961 1962 2041 2042 2121 2122 2202 2281 2282 2361 2362 2363 2440 2441 2442 2443 2520 2521 2522 2523 2600 2601 2602 2603 2680 2681 2682 2683 2760 2761 2762 2763 2840 2841 2842 2843 7154 7234 7235 7236 7237 7314 7315 7316 7393 7394 7395 7396 7397 7474 7475 7476 7555 7556 7634 7635 7636 7637 

35 116 275 354 433 434 513 514 593 594 674 754 834 995 1075 1155 1235 1315 1316 1396 1476 1555 1556 1557 1636 1637 1717 1718 1798 1878 1879 1958 1959 2038 2039 2040 2118 2119 2120 2198 2199 2200 2278 2279 2280 2359 2360 7233 7311 7312 7313 7392 7471 7472 7473 7552 7553 7554 7632 7633 

38 39 40 118 119 120 199 200 279 280 356 359 360 437 438 517 518 597 598 677 678 757 758 837 915 916 918 919 998 999 1078 1079 1080 1158 1159 1238 1239 1240 1319 1320 1399 1400 1401 1480 1481 1561 1562 1641 1642 1643 1722 1723 1724 1803 1804 1805 1883 1884 1885 1964 1965 2045 2046 2125 2126 2205 2206 2207 2286 2287 2366 2367 2447 2448 2527 2528 2607 2608 2687 2688 2767 2768 2847 2848 2915 2916 2917 2918 2927 2928 2995 2996 2997 2998 3002 3003 3004 3005 3006 3007 3008 3075 3076 3077 3078 3079 3080 3081 3082 3083 3084 3085 3086 3087 3088 3156 3157 3158 3159 3160 3161 3162 3163 3164 3165 3166 3167 3168 3237 3238 3239 3240 3241 3242 3243 3244 3245 3246 3247 3319 3320 3321 3322 3323 3324 3325 3326 3401 3402 3403 3404 3405 3406 3483 3484 6675 6676 6677 6678 6756 6757 6758 6836 6837 6838 6839 6915 6916 6917 6918 6919 6994 6996 6997 6998 6999 7076 7077 7078 7079 7080 7081 7157 7158 7159 7160 7163 7238 7239 7240 7241 7317 7318 7319 7320 7399 7400 7401 7478 7479 7480 7481 7558 7559 7560 7639 7640 

102 

104 

105 106 505 665 1068 

107 108 350 511 750 751 1232 1311 1312 1313 1391 1392 

109 994 1072 1152 1153 

111 112 191 192 193 

33 34 113 115 194 195 353 673 753 1074 7631 

1069 2111 2112 2192 2273 2353 2354 2434 2435 2515 7071 7148 7149 7150 7228 7308 7309 7387 7467 7546 

188 

189 

190 1070 

196 2201 

266 344 345 907 

267 347 428 508 668 669 828 908 909 1309 1470 1550 1551 1793 

269 349 429 430 509 590 829 830 910 911 1149 1229 1230 1310 1390 1471 1472 1552 1794 

37 596 676 1318 1479 1560 1640 1721 1802 1882 1963 2043 2044 2123 2124 2203 2204 2283 2284 2285 2364 2365 2444 2445 2446 2524 2525 2526 2604 2605 2606 2684 2685 2686 2764 2765 2766 2844 2845 2846 2919 2920 2921 2922 2923 2924 2925 2926 2999 3000 3001 7156 7398 7477 7557 7638 

278 992 2516 2517 2595 2596 2597 2598 2676 2677 2678 2679 2757 2758 2759 2837 2838 2839 7072 7073 7074 7151 7152 7155 

348 426 427 589 

425 667 

502 582 

504 

506 586 

507 1713 1874 1954 1955 2034 2114 2195 7628 

510 1150 1231 

583 1066 

2593 2672 2673 2674 2753 2754 2755 2833 2834 2835 2836 2913 2914 2994 3155 6434 6512 6513 6514 6515 6592 6593 6594 6595 6596 6597 6672 6673 6674 6752 6753 6754 6755 6832 6833 6834 6835 6910 6911 6912 6913 6914 6993 6995 

585 

587 

588 

660 

661 

662 

584 664 1067 2432 2433 2513 2514 2594 2675 6990 6991 6992 7069 7070 

666 

833 1395 1475 1716 1797 1877 2037 2197 2277 7630 

836 917 2756 7075 

913 

914 

989 990 991 

1071 

1151 

2127 2288 2529 2609 2689 2769 2849 2929 2930 3009 3089 3169 3248 3327 

2358 2438 2439 2518 2519 2599 7153 7231 7232 7310 7391 7551 

186 7468 7547 

7617 

268 

274 

2276 

3 4 5 6 7 8 9 10 11 12 13 57 58 59 60 61 62 63 64 65 66 67 68 69 70 71 72 73 74 75 76 77 78 79 80 81 82 83 88 89 90 91 93 135 138 139 140 141 142 143 144 145 146 147 148 149 150 151 152 153 154 155 156 157 158 159 161 162 163 164 165 166 167 172 216 218 219 220 221 222 223 224 225 226 227 228 229 230 231 232 233 234 235 236 237 238 239 247 248 249 250 251 252 253 254 296 298 299 300 301 302 303 304 305 306 307 308 309 310 311 312 313 314 315 316 317 318 331 332 333 334 335 336 375 376 378 379 380 381 382 383 384 385 386 387 388 389 390 391 392 393 394 395 396 397 398 399 415 455 456 458 459 460 461 463 465 466 467 468 469 470 471 472 473 474 475 476 477 478 479 535 537 538 539 540 541 543 544 545 546 547 548 549 550 551 552 553 554 555 556 557 558 559 615 617 618 619 620 621 622 623 624 625 626 627 628 629 630 631 632 633 634 635 636 637 638 639 696 697 698 699 700 701 702 703 704 705 706 707 708 709 710 711 712 713 714 715 716 717 718 719 777 779 780 781 782 783 784 785 786 787 788 789 790 791 792 793 794 795 796 797 798 799 858 859 860 861 862 863 864 865 866 867 868 869 870 871 872 873 874 875 876 877 878 879 889 890 891 892 893 898 938 939 940 941 942 943 944 945 946 947 948 949 950 951 952 953 954 955 956 957 958 959 963 964 965 966 967 968 969 970 971 972 973 974 975 976 1017 1020 1021 1022 1023 1024 1025 1026 1027 1028 1029 1030 1031 1032 1033 1034 1035 1036 1037 1038 1039 1042 1043 1044 1045 1046 1047 1048 1049 1050 1051 1053 1054 1099 1100 1101 1102 1103 1104 1105 1106 1108 1109 1110 1111 1112 1113 1114 1115 1116 1117 1118 1119 1121 1122 1123 1124 1125 1126 1127 1128 1129 1130 1131 1132 1178 1179 1180 1181 1182 1183 1184 1185 1186 1187 1188 1189 1190 1191 1192 1193 1194 1195 1196 1197 1198 1199 1200 1201 1202 1203 1204 1205 1206 1207 1208 1209 1210 1211 1212 1213 1261 1262 1263 1264 1265 1266 1267 1268 1269 1270 1271 1272 1273 1274 1275 1276 1277 1278 1279 1280 1281 1282 1283 1284 1285 1286 1287 1288 1289 1290 1291 1292 1293 1340 1341 1343 1344 1345 1346 1347 1348 1349 1350 1351 1352 1353 1354 1355 1356 1357 1358 1359 1360 1361 1362 1363 1364 1365 1366 1367 1368 1369 1370 1371 1372 1373 1421 1422 1423 1424 1425 1426 1427 1428 1429 1430 1431 1432 1433 1434 1435 1436 1437 1438 1439 1440 1441 1442 1443 1444 1445 1446 1447 1448 1449 1450 1451 1452 1502 1504 1505 1506 1507 1508 1509 1510 1511 1512 1513 1514 1515 1516 1517 1518 1519 1520 1521 1522 1523 1524 1525 1526 1527 1528 1529 1530 1531 1532 1533 1582 1583 1584 1585 1586 1587 1588 1589 1590 1591 1592 1593 1594 1595 1596 1597 1598 1599 1600 1601 1602 1603 1604 1605 1606 1607 1608 1609 1610 1611 1612 1613 1614 1664 1665 1666 1667 1668 1669 1670 1671 1672 1673 1674 1675 1676 1677 1678 1679 1680 1681 1682 1683 1684 1685 1686 1687 1688 1689 1690 1691 1692 1693 1694 1742 1743 1744 1745 1746 1747 1748 1749 1750 1751 1752 1753 1754 1755 1756 1757 1758 1759 1760 1761 1762 1763 1764 1765 1766 1767 1768 1769 1770 1771 1772 1773 1774 1775 1824 1825 1826 1827 1828 1829 1830 1831 1832 1833 1834 1835 1836 1837 1838 1839 1840 1841 1842 1843 1844 1845 1846 1847 1848 1849 1850 1851 1852 1853 1854 1855 1856 1904 1905 1906 1907 1908 1909 1910 1911 1912 1913 1914 1915 1916 1917 1918 1919 1920 1921 1922 1923 1924 1925 1926 1927 1928 1929 1930 1931 1932 1933 1934 1935 1936 1937 1984 1985 1986 1987 1988 1989 1990 1991 1992 1993 1994 1995 1996 1997 1998 1999 2000 2001 2002 2003 2004 2005 2006 2007 2008 2009 2010 2011 2012 2013 2014 2015 2016 2017 2063 2064 2065 2066 2067 2068 2069 2070 2071 2072 2073 2074 2075 2076 2077 2078 2079 2080 2081 2082 2083 2084 2085 2086 2087 2088 2089 2090 2091 2092 2093 2094 2095 2096 2097 2144 2145 2147 2148 2149 2150 2151 2152 2153 2154 2155 2156 2157 2158 2159 2160 2161 2162 2163 2164 2165 2166 2167 2168 2169 2170 2171 2172 2173 2174 2175 2176 2223 2224 2225 2226 2227 2228 2229 2230 2231 2232 2233 2234 2235 2236 2237 2238 2239 2240 2241 2242 2243 2244 2245 2246 2247 2248 2249 2250 2251 2252 2253 2254 2255 2256 2257 2258 2303 2304 2305 2306 2307 2308 2309 2310 2311 2312 2313 2314 2315 2316 2317 2318 2319 2320 2321 2322 2323 2324 2325 2326 2327 2328 2329 2330 2331 2332 2333 2334 2335 2336 2337 2338 2383 2384 2385 2386 2387 2388 2389 2390 2391 2392 2393 2394 2395 2396 2397 2398 2399 2400 2401 2402 2403 2404 2405 2406 2407 2408 2409 2410 2411 2412 2413 2414 2415 2416 2417 2418 2419 2463 2464 2465 2466 2467 2468 2469 2470 2471 2472 2473 2474 2475 2476 2477 2478 2479 2480 2481 2482 2483 2484 2485 2486 2487 2488 2489 2490 2491 2492 2493 2494 2495 2496 2497 2498 2499 2542 2543 2544 2545 2546 2547 2548 2549 2550 2551 2552 2553 2554 2555 2556 2557 2558 2559 2560 2561 2562 2563 2564 2565 2566 2567 2568 2569 2570 2571 2572 2573 2574 2575 2576 2577 2578 2579 2580 2623 2624 2625 2626 2627 2628 2629 2630 2631 2632 2633 2634 2635 2636 2637 2638 2639 2640 2641 2642 2643 2644 2645 2646 2647 2648 2649 2650 2651 2652 2653 2654 2655 2656 2657 2658 2659 2660 2703 2704 2705 2706 2707 2708 2709 2710 2711 2712 2713 2714 2715 2716 2717 2718 2719 2720 2721 2722 2723 2724 2725 2726 2727 2728 2729 2730 2731 2732 2733 2734 2735 2736 2737 2738 2739 2740 2783 2784 2785 2786 2787 2788 2789 2790 2791 2792 2793 2794 2795 2796 2797 2798 2799 2800 2801 2802 2803 2804 2805 2806 2807 2808 2809 2810 2811 2812 2813 2814 2815 2816 2817 2818 2819 2820 2821 2822 2863 2864 2865 2866 2867 2868 2869 2870 2871 2872 2873 2874 2875 2876 2877 2878 2879 2880 2881 2882 2883 2884 2885 2886 2887 2888 2889 2890 2891 2892 2893 2894 2895 2896 2897 2898 2899 2900 2901 2943 2944 2945 2946 2947 2948 2949 2950 2951 2952 2953 2954 2955 2956 2957 2958 2959 2960 2961 2962 2963 2964 2965 2966 2967 2968 2969 2970 2971 2972 2973 2974 2975 2976 2977 2978 2979 2980 2981 2982 3022 3023 3024 3025 3026 3027 3028 3029 3030 3031 3032 3033 3034 3035 3036 3037 3038 3039 3040 3041 3042 3043 3044 3045 3046 3047 3048 3049 3050 3051 3052 3053 3054 3055 3056 3057 3058 3059 3060 3061 3062 3063 3102 3103 3104 3105 3106 3107 3108 3109 3110 3111 3112 3113 3114 3115 3116 3117 3118 3119 3120 3121 3122 3123 3124 3125 3126 3127 3128 3129 3130 3131 3132 3133 3134 3135 3136 3137 3138 3139 3140 3141 3142 3143 3183 3185 3186 3187 3188 3189 3190 3191 3192 3193 3194 3195 3196 3197 3198 3199 3200 3201 3202 3203 3204 3205 3206 3207 3208 3209 3210 3211 3212 3213 3214 3215 3216 3217 3218 3219 3220 3221 3222 3223 3263 3265 3266 3267 3268 3269 3270 3271 3272 3273 3274 3275 3276 3277 3278 3279 3280 3281 3282 3283 3284 3285 3286 3287 3288 3289 3290 3291 3292 3293 3294 3295 3296 3297 3298 3299 3300 3301 3302 3303 3304 3342 3343 3344 3345 3346 3347 3348 3349 3350 3351 3352 3353 3354 3355 3356 3357 3358 3359 3360 3361 3362 3363 3364 3365 3366 3367 3368 3369 3370 3371 3372 3373 3374 3375 3376 3377 3378 3379 3380 3381 3382 3383 3384 3422 3423 3424 3425 3426 3427 3428 3429 3430 3431 3432 3433 3434 3435 3436 3437 3438 3439 3440 3441 3442 3443 3444 3445 3446 3447 3448 3449 3450 3451 3452 3453 3454 3455 3456 3457 3458 3459 3460 3461 3462 3463 3464 3503 3504 3505 3506 3507 3508 3509 3510 3511 3512 3513 3514 3515 3516 3517 3518 3519 3520 3521 3522 3523 3524 3525 3526 3527 3528 3529 3530 3531 3532 3533 3534 3535 3536 3537 3538 3539 3540 3541 3542 3543 3544 3545 3583 3584 3585 3586 3587 3588 3589 3590 3591 3592 3593 3594 3595 3596 3597 3598 3599 3600 3601 3602 3603 3604 3605 3606 3607 3608 3609 3610 3611 3612 3613 3614 3615 3616 3617 3618 3619 3620 3621 3622 3623 3624 3625 3663 3664 3665 3666 3667 3668 3669 3670 3671 3672 3673 3674 3675 3676 3677 3678 3679 3680 3681 3682 3683 3684 3685 3686 3687 3688 3689 3690 3691 3692 3693 3694 3695 3696 3697 3698 3699 3700 3701 3702 3703 3704 3742 3743 3744 3745 3746 3747 3748 3749 3750 3751 3752 3753 3754 3755 3756 3757 3758 3759 3760 3761 3762 3763 3764 3765 3766 3767 3768 3769 3770 3771 3772 3773 3774 3775 3776 3777 3778 3779 3780 3781 3782 3783 3784 3785 3822 3823 3824 3825 3826 3827 3828 3829 3830 3831 3832 3833 3834 3835 3836 3837 3838 3839 3840 3841 3842 3843 3844 3845 3846 3847 3848 3849 3850 3851 3852 3853 3854 3855 3856 3857 3858 3859 3860 3861 3862 3863 3864 3865 3866 3902 3903 3904 3905 3906 3907 3908 3909 3910 3911 3912 3913 3914 3915 3916 3917 3918 3919 3921 3922 3923 3924 3925 3926 3927 3928 3929 3930 3931 3932 3933 3934 3935 3936 3937 3938 3939 3940 3941 3942 3943 3944 3945 3946 3947 3982 3983 3984 3985 3986 3987 3988 3989 3990 3991 3992 3993 3994 3995 3996 3997 3998 3999 4002 4003 4004 4005 4006 4007 4008 4009 4010 4011 4012 4013 4014 4015 4016 4017 4018 4019 4020 4021 4022 4023 4024 4025 4026 4027 4062 4063 4064 4065 4066 4067 4068 4069 4070 4071 4072 4073 4074 4075 4076 4077 4078 4079 4087 4088 4089 4090 4091 4092 4093 4094 4095 4096 4097 4098 4099 4100 4101 4102 4103 4104 4105 4106 4107 4142 4143 4144 4145 4146 4147 4148 4149 4150 4151 4152 4153 4154 4155 4156 4157 4158 4159 4172 4173 4174 4175 4176 4177 4178 4179 4180 4181 4182 4183 4184 4190 4222 4223 4224 4225 4226 4227 4228 4229 4230 4231 4232 4233 4234 4235 4236 4237 4238 4239 4256 4257 4258 4259 4260 4261 4262 4263 4264 4301 4302 4303 4304 4305 4306 4307 4308 4309 4310 4311 4312 4313 4314 4315 4316 4317 4318 4319 4339 4340 4341 4342 4343 4344 4345 4381 4382 4383 4384 4385 4386 4387 4388 4389 4390 4391 4392 4393 4394 4395 4396 4397 4398 4399 4422 4423 4424 4425 4426 4427 4461 4462 4463 4464 4465 4466 4467 4468 4469 4470 4471 4472 4473 4474 4475 4476 4477 4478 4479 4505 4506 4507 4540 4541 4542 4543 4544 4545 4546 4547 4548 4549 4550 4551 4552 4553 4554 4555 4556 4557 4558 4559 4585 4586 4587 4588 4589 4590 4620 4621 4622 4623 4624 4625 4626 4627 4628 4629 4630 4631 4632 4633 4634 4635 4636 4637 4638 4639 4663 4664 4665 4666 4667 4668 4669 4699 4700 4701 4702 4703 4704 4705 4706 4707 4708 4709 4710 4711 4712 4713 4714 4715 4716 4717 4718 4719 4741 4742 4743 4744 4745 4746 4747 4748 4749 4780 4781 4782 4783 4784 4785 4786 4787 4788 4789 4790 4791 4792 4793 4794 4795 4796 4797 4798 4799 4814 4815 4816 4817 4818 4819 4820 4821 4822 4823 4824 4825 4826 4827 4828 4829 4830 4859 4860 4861 4862 4863 4864 4865 4866 4867 4868 4869 4870 4871 4872 4873 4874 4875 4876 4877 4878 4879 4886 4887 4888 4889 4890 4891 4892 4893 4894 4895 4896 4897 4898 4899 4900 4901 4902 4903 4904 4905 4906 4907 4908 4909 4910 4939 4940 4941 4942 4943 4944 4945 4946 4947 4948 4949 4950 4951 4952 4953 4954 4955 4956 4957 4958 4959 4960 4961 4962 4963 4964 4965 4966 4967 4968 4969 4970 4971 4972 4973 4974 4975 4976 4977 4978 4979 4980 4981 4982 4983 4984 4985 4986 4987 4988 4989 4990 5019 5020 5021 5022 5023 5024 5025 5026 5027 5028 5029 5030 5031 5032 5033 5034 5035 5036 5037 5038 5039 5040 5041 5042 5043 5044 5045 5046 5047 5048 5049 5050 5051 5052 5053 5054 5055 5056 5057 5058 5059 5060 5061 5062 5063 5064 5065 5066 5067 5068 5069 5099 5100 5101 5102 5103 5104 5105 5106 5107 5108 5109 5110 5111 5112 5113 5114 5115 5116 5117 5118 5119 5120 5121 5122 5123 5124 5125 5126 5127 5128 5129 5130 5131 5132 5133 5134 5135 5136 5137 5138 5139 5140 5141 5142 5143 5144 5145 5146 5147 5148 5149 5150 5151 5152 5179 5180 5181 5182 5183 5184 5185 5186 5187 5188 5189 5190 5191 5192 5193 5194 5195 5196 5197 5198 5199 5200 5201 5202 5203 5204 5205 5206 5207 5208 5209 5210 5211 5212 5213 5214 5215 5216 5217 5218 5219 5220 5221 5222 5223 5224 5225 5226 5227 5231 5259 5260 5261 5262 5263 5264 5265 5266 5267 5268 5269 5270 5271 5272 5273 5274 5275 5276 5277 5278 5279 5280 5281 5282 5283 5284 5285 5286 5287 5288 5289 5290 5291 5292 5293 5294 5295 5296 5297 5298 5299 5300 5301 5302 5303 5304 5305 5306 5307 5308 5309 5339 5340 5341 5342 5343 5344 5345 5346 5347 5348 5349 5350 5351 5352 5353 5354 5355 5356 5357 5358 5359 5360 5361 5362 5363 5364 5365 5366 5367 5368 5369 5370 5371 5372 5373 5374 5375 5376 5377 5378 5379 5380 5381 5382 5383 5384 5385 5386 5387 5388 5389 5420 5421 5422 5423 5424 5425 5426 5427 5428 5429 5430 5431 5432 5433 5434 5435 5436 5437 5438 5439 5440 5441 5442 5443 5444 5445 5446 5447 5448 5449 5450 5451 5452 5453 5454 5455 5456 5457 5458 5459 5460 5461 5462 5463 5464 5465 5499 5500 5501 5502 5503 5504 5505 5506 5507 5508 5509 5510 5511 5512 5513 5514 5515 5516 5517 5518 5519 5520 5521 5522 5523 5524 5525 5526 5527 5528 5529 5530 5531 5532 5533 5534 5535 5536 5537 5538 5539 5540 5542 5543 5545 5579 5580 5581 5582 5583 5584 5585 5586 5587 5588 5589 5590 5591 5592 5593 5594 5595 5596 5597 5598 5599 5600 5601 5602 5603 5604 5605 5606 5607 5608 5609 5610 5611 5612 5613 5614 5615 5616 5617 5618 5619 5620 5621 5622 5659 5660 5661 5662 5663 5664 5665 5666 5667 5668 5669 5670 5671 5672 5673 5674 5675 5676 5677 5678 5679 5680 5681 5682 5683 5684 5685 5686 5687 5688 5689 5690 5691 5692 5693 5694 5695 5696 5697 5698 5699 5700 5703 5738 5739 5740 5741 5742 5743 5744 5745 5746 5747 5748 5749 5750 5751 5752 5753 5754 5755 5756 5757 5758 5759 5760 5761 5762 5763 5764 5765 5766 5767 5768 5769 5770 5771 5772 5773 5774 5775 5776 5777 5778 5779 5818 5819 5820 5821 5822 5823 5824 5825 5826 5827 5828 5829 5830 5831 5832 5833 5834 5835 5836 5837 5838 5839 5840 5841 5842 5843 5844 5845 5846 5847 5848 5849 5850 5851 5852 5853 5854 5855 5856 5857 5858 5859 5897 5898 5899 5900 5901 5902 5903 5904 5905 5906 5907 5908 5909 5910 5911 5912 5913 5914 5915 5916 5917 5918 5919 5920 5921 5922 5923 5924 5925 5926 5927 5928 5929 5930 5931 5932 5933 5934 5935 5936 5937 5938 5977 5978 5979 5980 5981 5982 5983 5984 5985 5986 5987 5988 5989 5990 5991 5992 5993 5994 5995 5996 5997 5998 5999 6000 6001 6002 6003 6004 6005 6006 6007 6008 6009 6010 6011 6012 6013 6014 6015 6016 6057 6058 6059 6060 6061 6062 6063 6064 6065 6066 6067 6068 6069 6070 6071 6072 6073 6074 6075 6076 6077 6078 6079 6080 6081 6082 6083 6084 6085 6086 6087 6088 6089 6090 6091 6092 6093 6094 6095 6096 6135 6136 6137 6138 6139 6140 6141 6142 6143 6144 6145 6146 6147 6148 6149 6150 6151 6152 6153 6154 6155 6156 6157 6158 6159 6160 6161 6162 6163 6164 6165 6166 6167 6168 6169 6170 6171 6172 6173 6174 6175 6214 6215 6216 6217 6218 6219 6220 6221 6222 6223 6224 6225 6226 6227 6228 6229 6230 6231 6232 6233 6234 6235 6236 6237 6238 6239 6240 6241 6242 6243 6244 6245 6246 6247 6248 6249 6250 6251 6252 6253 6254 6294 6295 6296 6297 6298 6299 6300 6301 6302 6303 6304 6305 6306 6307 6308 6309 6310 6311 6312 6313 6314 6315 6316 6317 6318 6319 6320 6321 6322 6323 6324 6325 6326 6327 6328 6329 6330 6331 6332 6333 6334 6335 6336 6375 6376 6377 6378 6379 6380 6381 6382 6383 6384 6385 6386 6387 6388 6389 6390 6391 6392 6393 6394 6395 6396 6397 6398 6399 6400 6401 6402 6403 6404 6405 6406 6407 6408 6409 6410 6411 6412 6455 6456 6457 6458 6459 6460 6461 6462 6463 6464 6465 6466 6467 6468 6469 6470 6471 6472 6473 6474 6475 6476 6477 6478 6479 6480 6481 6482 6483 6484 6485 6486 6487 6488 6489 6490 6491 6492 6493 6535 6536 6537 6538 6539 6540 6541 6542 6543 6544 6545 6546 6547 6548 6549 6550 6551 6552 6553 6554 6555 6556 6557 6558 6559 6560 6561 6562 6563 6564 6565 6566 6567 6568 6569 6570 6571 6572 6573 6615 6616 6617 6618 6619 6620 6621 6622 6623 6624 6625 6626 6627 6628 6629 6630 6631 6632 6633 6634 6635 6636 6637 6638 6639 6640 6641 6642 6643 6644 6645 6646 6647 6648 6649 6650 6693 6694 6695 6696 6697 6698 6699 6700 6701 6702 6703 6704 6705 6706 6707 6708 6709 6710 6711 6712 6713 6714 6715 6716 6717 6718 6719 6720 6721 6722 6723 6724 6725 6726 6727 6728 6729 6730 6731 6732 6773 6775 6777 6778 6779 6780 6781 6782 6783 6784 6785 6786 6787 6788 6789 6790 6791 6792 6793 6794 6795 6796 6797 6798 6799 6800 6801 6802 6803 6804 6805 6806 6807 6808 6809 6810 6811 6812 6855 6856 6858 6859 6860 6861 6862 6863 6864 6865 6866 6867 6868 6869 6870 6871 6872 6873 6874 6875 6876 6877 6878 6879 6880 6881 6882 6883 6884 6885 6886 6887 6888 6889 6890 6936 6937 6938 6939 6940 6941 6942 6943 6944 6945 6946 6947 6948 6949 6950 6951 6952 6953 6954 6955 6956 6959 6960 6961 6962 6963 6964 6965 6966 6967 6968 6969 6970 6971 7016 7017 7018 7019 7020 7021 7022 7023 7024 7025 7026 7027 7028 7029 7030 7031 7032 7033 7034 7035 7036 7037 7039 7040 7041 7042 7043 7044 7045 7046 7047 7048 7049 7051 7096 7097 7098 7099 7100 7101 7102 7103 7104 7105 7106 7107 7108 7109 7110 7111 7112 7113 7114 7115 7116 7117 7118 7120 7121 7122 7123 7124 7125 7126 7127 7128 7129 7130 7131 7132 7177 7178 7179 7180 7181 7182 7183 7184 7185 7186 7187 7188 7189 7190 7191 7192 7193 7194 7195 7196 7197 7198 7199 7200 7201 7202 7203 7204 7205 7206 7207 7208 7209 7210 7256 7258 7259 7260 7261 7262 7263 7264 7265 7266 7267 7268 7269 7270 7271 7272 7273 7274 7275 7276 7277 7278 7279 7284 7285 7286 7287 7288 7289 7290 7337 7338 7339 7340 7341 7342 7343 7344 7345 7346 7347 7349 7350 7351 7352 7353 7354 7355 7356 7357 7358 7368 7415 7417 7418 7419 7420 7421 7422 7423 7424 7425 7426 7427 7428 7429 7430 7431 7432 7433 7434 7435 7436 7437 7438 7496 7497 7499 7500 7501 7502 7503 7504 7505 7506 7507 7508 7509 7510 7511 7512 7513 7514 7516 7517 7518 7521 7523 7524 7577 7579 7580 7581 7582 7583 7584 7585 7586 7587 7588 7589 7590 7591 7592 7593 7594 7595 7596 7597 7598 7599 7600 7602 7603 7604 7605 7606 7607 7608 7609 7610 7611 7613 7657 7659 7660 7661 7662 7663 7664 7665 7666 7667 7668 7670 7671 7672 7673 7674 7675 7676 7677 7678 

0 1 2 84 85 86 87 160 168 169 170 171 240 241 242 243 244 245 246 255 319 320 321 322 323 324 325 326 327 328 329 330 400 401 402 403 404 405 406 407 408 409 410 411 412 413 414 480 481 482 483 484 485 486 487 488 489 490 491 492 493 494 495 496 497 498 560 561 562 563 564 565 566 567 568 569 570 571 572 573 574 575 576 577 578 579 580 581 640 641 642 643 644 645 646 647 648 649 650 651 652 653 654 655 656 657 658 659 720 721 722 723 724 725 726 727 728 729 730 731 732 733 734 735 736 800 801 802 803 804 805 806 807 808 809 810 811 812 813 880 881 882 883 884 885 886 887 888 960 961 962 1040 1041 1120 4000 4001 4080 4081 4082 4083 4084 4085 4086 4160 4161 4162 4163 4164 4165 4166 4167 4168 4169 4170 4171 4240 4241 4242 4243 4244 4245 4246 4247 4248 4249 4250 4251 4252 4253 4254 4255 4320 4321 4322 4323 4324 4325 4326 4327 4328 4329 4330 4331 4332 4333 4334 4335 4336 4337 4338 4400 4401 4402 4403 4404 4405 4406 4407 4408 4409 4410 4411 4412 4413 4414 4415 4416 4417 4418 4419 4420 4421 4480 4481 4482 4483 4484 4485 4486 4487 4488 4489 4490 4491 4492 4493 4494 4495 4496 4497 4498 4499 4500 4501 4502 4503 4504 4560 4561 4562 4563 4564 4565 4566 4567 4568 4569 4570 4571 4572 4573 4574 4575 4576 4577 4578 4579 4580 4581 4582 4583 4584 4640 4641 4642 4643 4644 4645 4646 4647 4648 4649 4650 4651 4652 4653 4654 4655 4656 4657 4658 4659 4660 4661 4662 4720 4721 4722 4723 4724 4725 4726 4727 4728 4729 4730 4731 4732 4733 4734 4735 4736 4737 4738 4739 4740 4800 4801 4802 4803 4804 4805 4806 4807 4808 4809 4810 4811 4812 4813 4880 4881 4882 4883 4884 4885 7359 7439 7519 7679 

14 52 53 55 56 92 94 133 136 137 212 215 292 295 297 374 377 453 454 462 533 534 536 542 614 616 694 695 774 778 814 815 856 857 894 935 937 1015 1018 1019 1052 1055 1097 1133 1134 1135 1214 1215 1216 1294 1342 1374 1375 1453 1454 1455 1498 1503 1534 1535 1536 1615 1616 1695 1696 1776 1777 1857 1938 1939 2018 2019 2020 2098 2099 2100 2177 2178 2179 2180 2259 2260 2261 2339 2340 2341 2420 2421 2500 2501 2502 2581 2582 2583 2661 2662 2663 2741 2742 2743 2744 2823 2824 2902 2903 2904 2983 2984 3064 3065 3144 3145 3146 3224 3225 3226 3305 3306 3307 3385 3386 3387 3465 3466 3546 3626 3627 3705 3706 3707 3786 3787 4108 4109 4185 4186 4265 4266 4346 4347 4428 4508 4672 4993 5070 5071 5072 5073 5153 5154 5228 5230 5232 5233 5310 5311 5312 5313 5390 5391 5392 5466 5467 5468 5469 5470 5471 5541 5544 5546 5547 5548 5549 5550 5623 5624 5625 5626 5627 5628 5629 5701 5702 5704 5705 5706 5707 5780 5781 5860 5861 5862 5863 5864 5939 5940 6017 6018 6019 6020 6097 6098 6099 6176 6177 6178 6179 6255 6256 6257 6258 6337 6338 6413 6414 6415 6416 6453 6454 6494 6495 6574 6575 6614 6651 6652 6653 6654 6655 6733 6734 6774 6813 6814 6852 6853 6857 6891 6892 6893 6894 6934 6935 6957 6972 6973 7014 7015 7038 7050 7052 7053 7093 7095 7133 7134 7175 7176 7211 7212 7254 7255 7257 7291 7292 7293 7348 7371 7372 7495 7498 7574 7575 7576 7652 7655 7656 7669 

15 95 816 977 1056 1136 1217 1295 1296 1376 1456 1537 1617 1697 1698 1778 1779 1858 1859 1940 2021 2101 2102 2181 2262 2342 2422 2503 2584 2664 2745 5229 5234 5393 5472 5551 5630 5708 5709 5783 5784 5785 5786 5787 5788 5865 5866 5941 5942 6021 6022 6100 6180 6259 6260 6261 6339 6417 6418 6496 6497 6498 6576 6577 6656 6735 6816 6895 6896 6974 6975 7054 7135 7213 7214 7294 7373 

16 

1057 1137 1297 1377 1457 1538 1618 1699 1780 1860 1861 1941 2022 2182 2263 2504 5632 5710 5789 5867 5868 5943 5944 5945 5946 6023 6024 6101 6102 6103 6104 6181 6182 6262 6340 6341 6419 6499 6500 6578 6579 6657 6658 6736 6737 6817 6976 6977 7215 7216 7295 7455 

18 1138 1378 1458 1539 1619 1700 1781 5948 6026 6105 6183 6184 6185 6263 6264 6342 6343 6420 6501 6580 6659 6660 6738 6739 6818 6898 6978 7137 7217 7296 7375 

19 1459 1621 1701 1782 6028 6107 6187 6345 6423 6503 6582 6662 6741 6742 6819 6979 7377 7456 

45 205 206 286 1084 3473 3554 3634 6445 6524 6605 6765 7006 7085 7086 7165 7166 

46 126 1245 1246 1406 1407 1568 3553 3633 3714 3792 5401 5481 6285 6365 6686 7167 7246 7647 7648 

47 127 207 287 366 446 1005 1247 1408 1488 1489 1569 1650 1730 1891 3631 3632 3713 3794 3873 3874 3875 5242 6206 6286 6366 6446 6607 6687 6928 

50 130 209 210 288 289 368 369 370 447 450 528 608 609 688 689 769 771 848 849 850 927 928 929 930 1010 1089 1090 1169 1170 1249 1250 1330 1332 1333 1411 1412 1413 1491 1492 1572 1573 3470 3549 3550 3630 3710 3790 3871 3872 3951 4270 4757 4919 5079 5080 5081 5158 5159 6209 6289 6369 6448 6449 6529 6609 6610 6689 6769 6849 6929 6930 7009 7010 7089 7090 7170 7171 7249 7250 7329 7409 7489 7490 7569 7650 

49 128 129 448 449 527 607 687 767 847 926 1008 1088 1168 1571 3310 3551 3711 3712 5160 5238 5239 5240 5318 5319 6368 6447 6528 6608 6688 6848 7008 7248 7328 7408 

294 372 464 775 776 854 855 936 1016 1095 1096 1098 1107 1175 1176 1177 1254 1255 1256 1257 1258 1259 1260 1335 1336 1337 1338 1339 1416 1417 1418 1419 1420 1497 1499 1500 1501 1577 1578 1579 1580 1581 1656 1657 1658 1659 1660 1661 1662 1663 1737 1738 1739 1740 1741 1817 1818 1819 1820 1821 1822 1823 1898 1899 1900 1901 1902 1903 1979 1980 1981 1982 1983 2059 2060 2061 2062 2139 2140 2141 2142 2143 2219 2220 2221 2222 2299 2300 2301 2302 2379 2380 2381 2382 2459 2460 2461 2462 2539 2540 2541 2619 2620 2621 2622 2699 2700 2701 2702 2779 2780 2781 2782 2859 2860 2861 2862 2939 2940 2941 2942 3019 3020 3021 3100 3101 3180 3181 3182 3184 3259 3260 3261 3262 3264 3339 3340 3341 3420 3421 3500 3501 3502 3547 3580 3581 3582 3660 3661 3662 3740 3741 3820 3821 3867 3868 3899 3900 3901 3920 3948 3979 3980 3981 4028 4029 4059 4060 4061 4110 4111 4139 4140 4141 4194 4220 4221 4267 4268 4298 4299 4300 4348 4349 4378 4379 4380 4429 4458 4459 4460 4509 4510 4513 4538 4539 4592 4593 4594 4595 4617 4618 4619 4670 4671 4673 4697 4698 4750 4751 4752 4753 4754 4776 4777 4778 4779 4831 4832 4833 4834 4856 4857 4858 4911 4912 4913 4914 4915 4936 4937 4938 4991 4992 4994 4995 5017 5018 5096 5097 5098 5176 5177 5178 5256 5257 5258 5335 5336 5337 5338 5415 5416 5417 5418 5419 5494 5495 5496 5497 5498 5574 5575 5576 5577 5578 5653 5654 5655 5656 5657 5658 5733 5734 5735 5736 5737 5813 5814 5815 5816 5817 5892 5893 5894 5895 5896 5971 5972 5973 5974 5975 5976 6051 6052 6053 6054 6055 6056 6131 6132 6133 6134 6212 6213 6291 6292 6293 6372 6373 6374 6452 6533 6534 6692 6776 6854 7092 7119 7253 7280 7281 7282 7283 7334 7335 7364 7365 7366 7367 7369 7447 7448 7492 7494 7515 7529 7530 7578 7658 

51 131 132 211 214 291 293 371 451 452 530 531 532 610 611 612 613 690 691 692 693 770 772 773 851 852 931 933 934 1011 1012 1013 1014 1091 1093 1094 1171 1172 1173 1174 1252 1253 1334 1495 1496 2905 2906 2985 2986 3066 3147 3227 3388 3467 3468 3548 3628 3629 3708 3709 3788 3789 3869 3870 3949 4030 4031 4032 4187 4188 4189 4192 4193 4269 4350 4430 4431 4997 5075 5076 5077 5155 5156 5157 5235 5236 6210 6370 6371 6450 6451 6530 6531 6532 6611 6690 6691 6770 6771 6772 6851 6932 6933 7012 7013 7091 7172 7173 7174 7251 7252 7330 7331 7332 7333 7336 7410 7411 7412 7491 7493 7570 7571 7572 7651 7653 7654 

17 96 1219 5947 7056 

97 1942 1943 2023 2103 2183 2264 2344 2505 2586 5633 5711 5790 5869 6025 7374 7612 

98 7614 

54 134 217 373 853 932 1092 2343 2423 2585 2665 2666 2746 2825 2826 2907 2987 3067 3308 5314 5315 5316 5394 5395 5396 5473 5552 5553 6612 6613 7413 7573 

173 174 337 338 416 417 

175 418 6815 6958 

176 895 896 897 1218 6897 7055 7454 

177 

178 179 

1732 1733 1813 1814 1893 1894 1973 1974 2054 2055 2134 2135 2215 2216 2295 2296 2375 2376 2455 2456 2535 2536 2615 2616 2695 2696 2776 2856 2936 3016 3096 3097 3256 3336 3337 3416 3417 3497 3576 3656 3657 3735 3736 3815 3816 3894 3895 3896 3897 3975 3976 4052 4055 4056 4057 4116 4132 4133 4134 4135 4197 4198 4208 4210 4211 4212 4213 4214 4215 4278 4287 4288 4289 4290 4291 4292 4293 4295 4355 4356 4358 4359 4360 4361 4366 4367 4368 4369 4370 4371 4372 4373 4374 4375 4438 4439 4440 4446 4447 4448 4449 4450 4451 4453 4454 4455 4517 4525 4526 4527 4528 4529 4530 4531 4533 4534 4598 4599 4603 4604 4605 4607 4608 4609 4611 4612 4613 4614 4615 4678 4679 4680 4682 4683 4684 4686 4687 4689 4691 4692 4693 4759 4760 4761 4762 4763 4764 4765 4766 4767 4768 4772 4773 4841 4842 4845 4853 4921 4932 4933 5012 5013 5092 5093 5171 5172 5251 5252 5331 5332 5411 5412 5490 5491 5570 5571 5650 5729 5730 5809 5888 5889 5968 5969 6048 7442 7443 7525 

213 

256 

257 

284 445 525 605 684 764 844 924 1085 1326 3312 7486 

285 365 685 765 845 925 1004 1086 1166 1327 3392 3472 6525 6526 6606 6926 6927 7007 7247 

290 529 768 1009 3148 3228 3309 3389 3469 5317 5397 

339 420 

367 526 606 766 1006 1167 1328 1570 1651 3471 3552 3791 5161 5320 6367 6527 6767 6768 7088 7168 

419 421 

422 499 

457 737 2146 7414 7416 

500 501 

521 522 

523 603 686 5400 5480 6847 7087 

604 

682 

738 

817 7057 

821 

846 1007 1248 2908 3149 3391 5398 5399 5478 5479 

899 2424 2747 2827 5474 5475 5554 5631 

900 1060 5951 6030 6108 

978 2104 2184 2345 2425 2506 2587 5555 5634 5712 5870 

1058 1059 1139 1298 1540 1620 1862 5791 5949 6027 6106 6186 6344 6421 6422 6502 6581 6661 6740 7218 7297 7376 

1087 

1165 

1220 6265 7058 7059 7138 

1414 1415 1735 1736 1815 1816 1895 1896 1897 1975 1976 1977 1978 2056 2057 2058 2136 2137 2138 2217 2218 2297 2298 2377 2378 2457 2458 2537 2538 2617 2618 2697 2698 2777 2778 2857 2858 2937 2938 3017 3018 3098 3099 3178 3179 3258 3338 3418 3419 3498 3499 3578 3579 3658 3659 3737 3738 3739 3817 3818 3819 3898 3977 3978 4058 4115 4136 4137 4138 4195 4196 4216 4217 4218 4219 4271 4275 4276 4296 4297 4352 4376 4377 4433 4434 4456 4457 4536 4537 4596 4616 4675 4676 4677 4694 4695 4696 4756 4758 4774 4775 4837 4838 4854 4855 4917 4920 4934 4935 5014 5015 5016 5094 5095 5173 5174 5175 5253 5254 5255 5333 5334 5413 5414 5492 5493 5572 5573 5651 5652 5731 5732 5810 5811 5812 5890 5891 5970 6050 6129 6130 6290 7360 7361 7362 7363 7444 7445 7446 7526 7527 7528 

48 208 1329 1409 1410 1490 1652 1653 3952 3953 3954 3955 4033 4034 4274 4518 4597 4606 4685 4840 4844 4922 4924 5001 5002 5082 6127 6128 6208 6288 7169 7649 

1251 1331 1494 1574 1575 1654 1655 1734 3950 4113 4114 4272 4273 4351 4353 4354 4432 4836 4839 4918 4998 4999 5000 5078 6049 6850 6931 7011 

1379 

1487 1648 1729 1810 1890 3715 3796 3877 3957 3958 5323 5324 5402 5403 6045 6125 6205 7567 7646 

1576 4112 4191 4674 4755 4835 4916 4996 6211 7449 

1486 1567 5482 5483 

1649 3793 3795 3876 5163 5164 5243 5322 6126 

1972 2053 2133 2214 2294 2374 2454 2534 2614 2694 2774 2775 2854 2855 2935 3014 3015 3095 3175 3176 3255 3335 3415 3494 3495 3574 3575 3653 3654 3655 3733 3734 3812 3813 3814 3892 3893 3971 3972 3973 3974 4049 4050 4051 4053 4054 4128 4129 4130 4131 4207 4209 4280 4281 4284 4286 4294 4357 4362 4365 4441 4442 4445 4452 4519 4520 4522 4523 4532 4601 4602 4610 4681 4688 4690 4769 4770 4771 4847 4848 4850 4851 4852 4925 4926 4927 4928 4929 4930 4931 5006 5008 5010 5011 5089 5090 5091 5169 5170 5249 5250 5330 5409 5410 5489 5569 5648 5649 5728 5808 5887 5967 7522 

1971 2132 2212 2373 2453 2533 2693 2934 3094 3174 3254 3334 3414 3493 3573 3652 3732 3811 3890 3891 3969 3970 4048 4127 4203 4204 4205 4206 4282 4283 4285 4849 5009 5087 5088 5166 5167 5168 5247 5248 5328 5329 5407 5408 5487 5488 5567 5568 5647 5727 

1731 1812 1892 4035 4036 4846 5005 5083 5162 6046 6047 6207 7440 7441 

1863 6583 7219 

1944 2025 

1945 

2051 2131 2292 2372 2613 2773 2853 2933 3013 3333 3413 3572 3731 3889 3968 4047 4122 4123 4124 4202 4364 5246 5325 5326 5327 5405 5486 5646 5726 5806 

2105 2185 2265 2346 2426 2507 2828 5713 5714 5792 5793 5871 5872 5950 6029 

1811 2052 2213 2293 5007 5085 5086 5807 

2106 2347 2668 2829 5794 5952 

2667 2988 3068 3229 3390 5476 5477 

2748 5556 5715 5873 

2909 2989 3070 3150 3231 5638 

3069 3230 5557 5558 5636 5637 7487 

3177 3257 3577 4277 4515 4535 

3311 7327 7488 

3393 

3496 4524 4600 

3956 4037 

4038 4119 4201 5886 

4117 4199 4279 

4118 

4120 

4125 

4200 

4363 

4435 4436 4514 

4437 

4443 4444 4521 

4511 4512 

4516 

4591 

4843 5003 5004 5241 6287 

4923 

5074 7094 7370 

5084 

5165 

1493 5237 

5244 

1970 5245 5966 6124 

5321 

5559 

5560 

5561 

5565 

5635 

5639 5718 

5716 5795 5874 5953 

5717 5796 

5782 

6266 

6766 

7136 

7450 7451 

7452 7532 7533 7534 

7453 

7520 

7531 

7535 

7536 

7537 

7568 

7601 

2024 

