23 102 104 664 2029 2110 2190 182 183 1064 1067 2593 2109 6987 7067 743 744 1304 1384 184 263 742 1225 1068 2673 2674 2189 2270 2351 6988 7464 7068 904 7622 824 7542 264 343 905 985 663 1065 2754 2755 7066 2432 6989 1385 984 1868 1305 1708 2030 1466 1869 1146 2834 6753 2835 7146 2513 6990 1546 1788 1224 1465 1626 1707 2271 7226 1627 7623 1949 1386 1547 6754 6832 6911 6912 2594 6991 7305 7544 1948 6986 7225 2352 7147 7306 7385 7545 6755 6833 2675 7069 7543 7304 7384 2433 7465 6834 2756 6992 7070 2514 6835 6913 2757 2836 2837 7072 2595 6914 2758 2838 7073 2676 6993 2759 2839 7074 2760 

24 25 185 186 987 265 1387 1709 506 1227 423 745 906 1468 1710 2031 2111 2272 586 424 583 746 986 1628 1548 2191 2192 2353 2434 7227 1066 1226 1467 825 826 2354 7148 7308 2515 7307 1306 1789 7624 1307 2435 7228 7466 2596 7071 7386 1870 1950 1629 7387 2677 7149 7150 7625 1790 7467 7546 2678 7309 1871 1951 2679 

26 27 266 666 747 187 267 346 344 345 827 1549 507 988 347 748 828 587 425 907 1147 1388 1630 1711 1791 1872 1389 1148 7627 427 668 908 1712 1470 1550 667 7626 1469 2032 1952 1631 1228 1308 1551 2112 2033 1792 1873 2193 2273 7388 7468 1953 2274 7547 2355 7229 2436 7389 7469 

28 2113 2114 2194 2195 7628 2275 2356 7548 2437 7230 7549 7550 

29 30 1956 31 270 350 670 832 7629 32 110 114 351 432 431 671 511 750 1715 33 1154 271 1073 352 752 591 912 1474 1311 1312 751 1473 115 1074 1234 512 592 672 1314 1233 831 1633 195 353 433 1394 1635 1393 673 513 1554 753 833 593 1155 1634 1796 2116 1555 1395 1475 1717 1235 1315 2036 1876 1636 2118 1797 1716 2279 1957 2115 1878 1958 2038 2278 7631 1877 2276 2277 2037 2117 7630 2196 7632 2198 2357 2197 2358 7390 2438 7551 7470 2439 7231 7391 7232 7233 7310 7312 7313 

34 113 1075 194 

35 116 196 354 434 2040 7554 275 1718 514 594 2120 1557 2200 2280 674 754 1316 995 1879 834 1396 2360 1476 2359 7553 1556 1637 1798 7472 7473 7311 7392 7633 2119 1959 7471 7552 2199 2039 

36 37 117 272 277 515 2680 7236 38 516 836 7316 197 198 355 435 2681 273 993 278 595 1237 1317 7154 7235 39 118 1158 1238 7399 7477 596 997 1077 276 755 835 1558 436 1157 1478 675 996 7395 7315 274 992 2761 40 199 279 437 2916 2996 6915 359 517 915 3079 3080 2919 1399 7238 7638 676 7398 2841 1398 2121 1076 1638 1719 1961 756 1639 1720 1800 2602 7556 1236 1397 2516 41 119 120 200 757 2917 2997 677 837 998 3078 3077 6994 7075 7078 1239 597 1078 3159 7318 2920 1560 1641 1318 1479 7397 2682 2201 2281 1156 1799 1880 2041 2441 2362 2840 7237 1881 2442 2519 2440 2600 2601 2517 2597 7151 42 357 519 1080 1160 3318 280 518 3239 356 438 758 999 1240 360 2914 2994 3075 3156 917 2918 3240 7400 7239 3158 6995 6996 1400 1481 1319 1480 7478 7558 7319 7639 2921 2999 1802 2922 1722 1559 1640 2762 1477 1960 7394 7474 2361 2521 7555 7155 2042 2522 2520 7314 7635 7234 2518 2598 7152 43 121 599 1241 1321 1402 6679 7561 598 2995 918 7479 916 1320 7401 1079 3238 7240 7640 6758 1401 3319 7163 678 919 7081 2998 7158 7559 6916 6918 7080 7076 1803 1561 1642 3160 3000 7557 7156 7317 1963 2924 3002 1883 1801 2842 2843 1721 1882 7396 7476 7637 7475 7634 7636 2122 7393 2599 7153 44 122 680 1000 1403 3235 201 1322 3397 679 3236 3317 3399 1482 1644 3479 7562 6759 6760 6840 2915 3076 6756 1159 6919 7160 1562 3320 3401 3400 7481 3237 7157 6917 6997 1964 1723 3161 3001 2044 3081 3003 1962 2683 2763 2765 2844 2923 2043 2202 2363 45 123 124 442 1404 7324 7326 202 520 7563 7642 3316 6358 6600 281 361 759 1483 3477 3478 3398 6680 6921 1563 1805 3481 1886 3561 3480 7000 6920 3157 6836 6999 7159 7480 1643 1724 3321 3402 7402 7560 7241 7077 2045 2125 1884 3241 2124 2766 3082 3004 2203 2123 2364 2684 2282 2443 2523 46 205 206 1084 1486 3634 282 921 3234 125 203 283 363 1002 1162 3395 3556 358 441 3476 600 1161 3396 6359 6439 6518 6761 840 2913 7082 920 6437 1564 1806 3558 7162 7403 1725 3641 1885 1966 3405 3482 3640 3562 7161 7641 7320 1804 3322 3403 2286 3006 2205 2767 3005 3085 3242 2204 2845 2925 3083 3084 2283 2604 2444 2764 2603 47 126 1406 3633 284 286 6846 6445 1567 3554 3635 362 2912 2992 204 1082 1163 681 601 602 3233 1243 3314 1323 6038 7003 5960 6442 7643 439 838 1242 6519 6922 6434 3155 7321 3074 7001 6438 6516 6517 1645 1726 3557 3719 3639 3559 7405 7482 3560 3404 3483 2047 2127 3406 3642 1965 3323 2366 2447 2527 2285 2847 3164 2284 2445 2525 2605 3162 3163 2524 48 127 5242 285 1086 1245 1246 3553 1487 1568 3714 7647 444 445 521 684 761 3393 7165 7166 1728 6765 7085 841 1001 3315 6117 3153 364 1244 1325 3475 1324 7565 2911 3072 1484 1565 3637 6039 7083 5961 6602 6841 6435 6514 7322 6597 6598 1967 3720 1887 3638 3800 3484 2208 2288 3485 3643 2046 2126 3166 3324 2687 2768 2607 2365 2446 2606 3243 3244 2685 49 50 208 1329 3952 207 287 1247 3631 3794 365 525 685 6926 3472 6606 7648 1407 1648 5401 7086 3792 3793 3795 524 683 5640 843 5639 522 764 924 1085 7486 6925 7006 7485 1809 1889 5404 1081 3073 6842 440 443 1405 3474 3636 5720 7325 7644 6037 1646 3718 5962 6118 6119 6762 7483 6040 6202 6436 6515 6599 2048 2128 3721 3722 3723 2129 2449 3328 3407 2368 2529 2609 3327 3563 3564 3644 2207 2287 3246 2206 2927 3007 2686 2846 2526 128 129 209 213 449 3551 51 130 1331 1492 3871 288 1490 1652 7169 1409 1732 3953 366 367 446 1489 1408 1488 3873 1569 1650 6607 3632 925 1087 5559 7327 605 844 1004 6605 765 845 1327 7247 6686 7246 1729 3715 7567 5481 5560 6365 6285 3232 763 1164 5798 2990 5718 682 3312 1969 2131 3878 5965 6124 5484 2993 7323 7002 760 839 762 3394 7645 6764 6603 7564 5800 7407 6116 1807 1968 3799 6041 6122 6199 6200 6120 6201 6282 2289 3802 3487 3566 3801 2209 3803 3884 2690 2850 3486 2930 2689 3009 3247 2367 2448 3325 3086 3087 2926 607 766 767 847 290 529 688 849 604 5238 7008 214 1334 1414 4032 5077 131 210 771 3950 1734 1815 4115 4999 6049 1653 5079 6209 6369 289 368 5081 6929 6288 7649 1731 5241 6287 1893 4685 4844 4924 6127 3954 4606 523 686 5400 6446 6847 606 1651 5161 6768 7248 526 1005 1328 6527 6687 1811 1649 1730 6206 6928 5084 3713 6766 2909 5638 1326 1165 3392 7167 1810 1970 6045 6125 3796 3877 7568 7646 923 5799 5878 3151 2050 2130 5644 5805 2292 5565 5726 3959 4039 5563 3154 842 1003 6683 7005 5879 2049 5963 3880 6279 6360 6681 6121 6361 6280 6281 2369 2530 3408 3567 3646 3724 3645 3725 2450 3488 2770 3090 3249 3565 2769 3089 3169 3326 2528 3165 687 926 1008 1168 1006 3471 7088 846 1007 1088 3390 450 2907 768 1572 928 3710 6449 5239 291 1495 1496 4430 4674 1415 1735 6290 610 369 3951 7170 4354 4839 1895 2056 4434 7445 4196 4433 5000 1733 4840 4033 6849 447 608 1491 3872 1812 1892 5083 6207 1974 2055 4843 4922 5082 3955 603 1166 5480 1167 3791 3552 7087 3956 6046 6126 3876 5244 1891 3875 5164 5322 6286 2989 3070 3473 5321 6525 6526 1890 5165 2051 5245 3957 3958 5324 1083 5719 2211 2291 3960 3964 5723 5724 5884 2372 2452 4122 5325 5566 4040 4120 5564 6044 922 3313 7004 5880 5958 2210 2290 3961 3963 3881 6440 6682 6441 6521 2610 2931 3726 2691 2851 3806 3010 3250 2849 3248 2608 3245 5240 5160 7328 7408 3712 5320 1248 5399 3310 689 1010 2987 1009 1089 1169 7089 5318 371 4191 4431 7449 1576 1655 4275 4675 1736 1816 1976 2057 5731 690 850 1091 3709 6932 370 609 848 7489 7569 4757 4518 1975 2297 5810 4838 7527 4920 6931 1813 1814 4355 4919 4034 448 1249 1330 3550 1972 2135 2215 4369 4448 4450 4607 4116 4528 4923 5003 4035 5162 3311 1570 6367 7168 6767 3874 5163 6366 3069 3150 3231 5717 6524 6927 1971 5326 5886 5966 5323 5403 1485 3555 5641 6444 4042 4121 5645 2371 2451 4041 5803 5964 5804 2613 5246 2532 2773 3809 3810 4123 5486 5405 2991 7084 7245 5959 6523 2370 3489 3883 3882 7164 7243 6520 6601 3330 3804 2771 3011 3091 3568 3170 2929 2688 3008 5319 6368 6848 2908 3391 5479 3309 3148 5317 3470 3711 7490 691 933 5156 6851 7412 4755 7452 7532 1577 1656 4112 4194 6211 6050 1896 1897 4676 6130 2137 4271 3629 930 1332 1252 3549 6530 7410 7331 528 769 3790 6448 929 6610 7009 7249 2136 2377 2457 5094 5253 4597 6048 1894 4197 4921 5889 5969 5001 527 1250 1410 3630 6609 1973 2053 4846 5808 5967 2376 2536 4370 4440 2295 4527 4598 4525 5809 4530 4683 4687 4278 4682 4762 7442 5004 4036 7488 5243 3230 5558 5796 7007 2052 2132 5007 5402 5482 1566 3716 5642 6604 7244 6685 5485 2612 5725 2932 2693 2853 3968 5407 3093 3412 3888 4045 2933 4124 4125 5406 5646 5806 3152 5956 7484 6522 6684 6763 6844 2531 3648 3727 3962 7406 6923 7242 3409 3805 3251 3886 3171 3410 3647 3329 2848 3088 2988 3149 3389 5397 7090 7409 5075 1013 7653 7453 7533 1657 4595 4834 6291 1737 4835 4756 1977 2218 4276 2217 4352 1251 1413 6769 5158 927 5080 1090 6529 1170 7171 2216 5492 7360 3017 5333 2537 2617 5890 6128 4366 4277 7444 5002 1571 6447 4274 7250 2054 2695 4198 4211 5888 2133 5005 4766 2616 2696 4529 4517 4678 4371 4767 4604 4605 4760 4763 4842 5636 7487 5637 2213 2212 4038 5807 6205 5483 5561 1647 1727 5721 3797 5643 6845 5885 2692 4043 4044 3012 3092 3252 3570 3493 3013 3413 4047 3253 3571 3173 3333 4364 4126 5957 6843 6924 2611 3331 3411 3885 7404 2928 3167 3168 3068 3229 5477 5398 3469 6933 1094 1174 3548 7534 1738 4915 1817 3339 4916 4837 5970 2298 2458 7362 4435 4677 1333 1494 1654 6930 1493 7010 7650 5159 6689 1411 2296 2456 5173 5332 5651 3338 4775 5014 5413 2697 4934 6208 4853 4358 4515 4758 6528 7329 2134 4133 4356 4367 4449 4608 6047 4052 4279 4368 4447 4603 2214 2294 5730 2776 5491 3895 4290 5092 4684 4686 4845 4761 7443 2293 4927 5086 5087 5166 5727 4119 5562 1808 5722 3717 7566 5801 6283 6204 2772 3650 3172 3649 3966 3652 3572 3889 3731 4202 5327 3492 3729 3967 4046 6036 3490 5478 5557 7336 4192 4349 4594 6051 1818 1898 1978 2058 2138 5971 4996 7446 2378 5652 2538 2618 2778 3098 4436 6129 1412 1574 1575 4432 4998 4270 4272 1573 3976 3418 4536 5174 5572 2777 2857 2937 4359 7525 7526 6608 2375 4446 4689 4213 4759 4764 5968 4765 4611 4925 5729 7440 7441 4037 4357 2374 2614 5006 2856 2936 3016 4214 4841 2373 5085 5728 4200 4201 1888 3798 3879 5883 5802 6043 5882 5881 6363 6443 6284 2852 3807 3811 4206 3651 3730 6115 3569 3728 7530 1979 2139 2459 3019 2059 5732 7531 5891 7447 2698 2858 5095 5254 3178 4437 6289 4113 4193 4836 4273 4351 3498 3658 4376 4695 5811 7361 4774 3737 3977 4438 6688 2455 4288 4292 4612 4117 4118 4199 2454 3972 4207 3095 3654 4929 3097 3417 4615 3337 4135 4693 5251 2453 2534 3970 5088 5887 6042 6203 6364 3332 3808 3887 3965 4205 5247 2939 5335 2699 5574 4754 2219 7448 3018 5255 2938 3258 3738 3818 4935 4114 4195 4596 4997 6210 7011 4353 5078 3578 4855 4456 3817 4136 4516 2535 3894 3975 4215 4531 3893 4128 4286 3175 3813 5489 3177 4933 5093 3497 3577 3816 3896 4454 4773 2533 2934 3890 4282 5009 2694 2774 4441 4203 5488 5568 6123 6362 3491 4363 5487 3180 2299 5812 7450 5334 3659 5015 3898 4217 4297 4918 4917 6370 7091 6850 4137 4216 2615 3096 4453 4134 4132 4293 4375 4609 3971 4769 4365 4602 3255 4281 4848 3257 4535 5252 5571 3736 4056 3897 4455 5172 3094 4127 5167 5168 5647 3254 3969 5329 5408 4284 4849 5089 2854 3014 3653 4283 2300 3099 5494 7451 5414 3978 4058 4616 4296 2775 4291 3256 3496 4932 5490 4212 4613 4208 4361 4772 4926 3335 4362 4444 4520 4521 5090 3657 4614 4694 5412 3174 5567 5248 3334 3573 4532 5249 5648 3494 3574 3812 2379 5415 5813 3179 3419 5016 5493 7363 4138 2855 2935 3015 4439 3336 4289 4360 4526 4210 4691 4768 3415 4050 4522 4523 5250 4057 4854 5328 3414 4285 3733 4442 3892 4928 2539 2619 2779 7364 3499 4696 3579 3819 4219 5175 5573 4218 4377 4457 3176 3495 3655 3814 3973 4051 4294 4524 4680 3416 3815 5171 5570 4599 4679 5331 4287 4372 4373 5011 4850 4295 4534 3732 4443 4049 5169 4851 5008 4936 5096 2859 4537 3739 3899 7528 3575 3734 3974 4054 4610 4053 4131 4209 4445 4600 4601 3576 5411 4451 4692 5170 5013 3891 5010 5409 5176 3259 5653 4771 4931 4129 4130 4280 4688 4452 4519 4681 3656 3735 5650 4048 4617 4852 5091 4690 4770 4847 5330 5569 7522 4055 4374 4533 4204 4930 5410 5649 5012 

105 106 505 665 1069 

107 108 109 1151 1232 1313 1072 1392 1152 

111 112 192 994 191 193 1153 

188 

189 190 1070 

268 348 426 589 

269 349 

428 429 508 430 509 590 829 669 909 1793 510 1149 749 1390 830 1229 1310 1471 1309 1713 1150 1632 910 1472 1552 1874 1955 2034 1230 1875 2035 911 1794 1954 1231 1553 1391 1714 1795 

584 

585 

588 

660 661 662 

913 

914 

989 990 991 

1071 

0 1 2 85 87 4740 3 80 84 86 169 4662 4739 160 4882 4 5 6 4887 4960 81 161 165 167 168 170 4736 4737 4881 4809 240 241 242 243 244 245 319 320 321 322 323 324 325 326 327 328 329 330 400 401 402 403 404 405 406 407 408 409 410 411 412 413 414 480 481 482 483 484 485 486 487 488 489 490 491 492 493 494 495 496 497 498 560 561 562 563 564 565 566 567 568 569 570 571 572 573 574 575 576 577 578 579 580 581 640 641 642 643 644 645 646 647 648 649 650 651 652 653 654 655 656 657 658 659 720 721 722 723 724 725 726 727 728 729 730 731 732 733 734 735 736 800 801 802 803 804 805 806 807 808 809 810 811 812 813 880 881 882 883 884 885 886 887 888 960 961 962 1040 1041 4000 4001 4080 4081 4082 4083 4084 4085 4086 4160 4161 4162 4163 4164 4165 4166 4167 4168 4169 4170 4171 4240 4241 4242 4243 4244 4245 4246 4247 4248 4249 4250 4251 4252 4253 4254 4255 4320 4321 4322 4323 4324 4325 4326 4327 4328 4329 4330 4331 4332 4333 4334 4335 4336 4337 4338 4400 4401 4402 4403 4404 4405 4406 4407 4408 4409 4410 4411 4412 4413 4414 4415 4416 4417 4418 4419 4420 4421 4480 4481 4482 4483 4484 4485 4486 4487 4488 4489 4490 4491 4492 4493 4494 4495 4496 4497 4498 4499 4500 4501 4502 4503 4504 4560 4561 4562 4563 4564 4565 4566 4567 4568 4569 4570 4571 4572 4573 4574 4575 4576 4577 4578 4579 4580 4581 4582 4583 4584 4640 4641 4642 4643 4644 4645 4646 4647 4648 4649 4650 4651 4652 4653 4654 4655 4656 4657 4658 4659 4660 4661 4720 4721 4722 4723 4724 4725 4726 4727 4728 4729 4730 4731 4732 4733 4734 4735 4800 4801 4802 4803 4804 4805 4806 4807 4808 4880 7359 7439 7519 171 7 78 79 88 159 398 478 479 638 719 799 879 889 966 967 968 1042 1043 1044 1045 1046 1047 1048 1049 1122 1123 1124 1128 1130 1199 1279 1280 1281 1282 1283 1284 1360 1361 1362 1363 1364 1439 1684 1760 1761 1762 1763 1764 1765 1766 1767 1768 1836 1837 1840 1915 1918 2000 2001 2004 2077 2083 2239 2397 2718 3359 3519 3757 3838 3918 3998 4078 4158 4159 4398 4476 4635 4637 4715 4795 4815 4816 4875 4877 4886 4889 4890 4892 4893 4894 4959 4961 4962 4963 4964 4965 4966 4968 4969 4970 5040 5041 5042 5043 5044 5117 5120 5276 5431 5440 5444 5445 5447 5448 5449 5450 5451 5520 5525 5526 5592 5599 5601 5602 5603 5604 5605 5606 5607 5608 5680 5681 5682 5683 5684 5685 5686 5688 5689 89 399 4967 82 162 163 164 333 166 332 250 251 246 4813 4738 4810 4812 4811 4884 1120 254 8 238 316 559 718 4556 239 172 965 1687 2084 1039 1845 1920 964 1839 5045 1207 1285 1686 1847 4874 5197 4473 1202 1682 1683 3999 5360 2159 1927 1928 4957 2316 4955 5593 5765 2076 2475 4478 5434 2717 4954 5277 5357 4888 4891 5687 959 1121 83 252 331 334 247 253 248 7679 4883 4885 255 9 10 152 154 3512 3674 4235 6806 1203 2235 5195 2233 4636 5366 971 1290 1916 2075 2477 3758 4317 5674 5591 6727 639 1208 4234 1287 972 2399 2557 4814 5454 1681 1924 1926 4239 1841 2002 963 7438 1286 1365 4717 1769 2005 5438 4422 4741 3839 5121 5600 5677 7600 3596 5033 5116 5514 5524 2877 5036 5436 4716 5515 1119 335 249 11 155 473 1032 2474 234 1597 1914 1993 4231 5273 6402 7194 394 475 878 5845 6805 4072 4392 5271 6488 7278 3991 1356 1607 3835 6408 3836 5915 6800 74 2558 90 3678 5369 5768 2238 3676 4718 5594 6407 3437 1288 3837 1289 1846 1929 1609 1610 1848 4259 5452 5611 3679 5535 1205 5529 5839 5455 5528 1685 4895 4817 1919 1844 4798 4971 1925 2003 2006 2007 2008 2157 5370 5453 5527 4557 4318 5356 5352 5837 336 415 12 61 471 893 952 3032 235 4152 891 1118 1198 5773 5774 1204 1438 6092 2553 3278 391 1116 4471 2955 4151 4396 4796 2395 2472 5430 4311 5913 6321 6480 1994 1115 2079 3115 874 2073 2552 3594 4075 6646 6725 5367 7032 2875 4552 4632 4791 4631 6245 7606 5844 4237 5513 6713 6406 91 315 1292 6729 4156 5769 5037 5767 5373 4555 5115 1771 1930 3439 4956 1770 4319 2315 3435 2010 5518 1690 1838 1849 1688 1689 2085 5532 5609 5612 5613 5534 1843 4173 4818 4257 4663 5046 2637 4477 5760 7358 416 417 57 60 219 303 13 66 67 77 1452 1936 2494 622 632 1451 393 1132 2015 2094 2014 5275 6251 5111 6249 7114 1211 1531 1853 6967 5775 1850 5932 552 7195 7262 474 1112 6322 2797 3992 4069 5441 6242 7115 7608 7609 3754 6086 4553 6323 5442 6486 6487 2554 4077 2473 4391 3194 6481 6484 7429 5510 5753 2154 5671 5832 4952 5670 4554 5831 1036 2876 7677 3276 7607 4958 4638 395 1209 2156 2237 6728 6808 1293 6649 5694 1608 1599 4316 6877 5274 5371 1999 2009 4079 2236 5372 4797 2086 5374 3759 5530 4423 4256 4340 4339 5047 5122 1519 92 338 52 58 64 63 65 142 144 145 220 390 543 5221 62 221 237 299 7099 7190 136 814 7101 7341 146 2655 5303 7582 157 1613 1371 2096 6095 5937 6968 7191 2331 7260 1449 6252 1532 1450 2254 892 2093 6250 5757 7350 2172 1934 5620 5699 5933 2573 6710 1851 1998 554 635 1033 1195 3672 6093 3117 3675 4076 6244 6483 6803 2082 6880 5993 6085 3593 6485 6560 7604 3756 4310 6801 6802 3996 4390 6087 2796 3515 4633 5272 6404 3356 5119 5353 5764 4474 4713 5755 6720 7602 6482 6235 4630 553 6246 6248 6886 795 6724 6645 1194 1606 5917 3273 3916 3993 5758 476 636 2153 5833 1291 2317 4799 6809 3035 1931 3197 5596 5118 4472 7345 5368 3119 3039 3279 4236 5536 969 5533 5610 7279 7598 14 173 1133 53 294 372 453 533 935 59 139 783 3784 6941 7258 7338 535 4828 68 223 228 387 4150 6311 143 147 225 227 631 973 1529 6788 148 792 1053 5307 2736 149 629 6947 1030 6781 7189 6862 138 376 541 380 135 317 537 898 4908 300 975 1054 4022 137 462 5310 7261 7503 2656 2737 7596 5302 7354 1692 2175 5777 2095 5301 93 2257 2336 2495 1372 712 2173 2333 5934 2255 6952 1774 5621 5778 5935 2253 4639 5698 2332 1935 5856 2330 1852 5772 2011 2088 2556 1200 1512 3433 4550 4949 4950 5189 5190 6708 2328 2329 2635 3114 4155 6796 5354 5038 7603 3274 1605 2158 2314 4793 7605 6158 6804 5750 3350 5355 3595 5754 5035 5196 5446 5676 6403 5597 5752 5365 5191 7035 5443 7594 634 3915 4634 6247 6647 7511 954 1193 6566 2080 3432 3673 4233 5108 3352 3355 3911 4873 3995 4870 4719 5835 556 2155 5039 5358 6325 6648 1596 4794 2318 4879 3033 6327 1210 3036 3037 7593 2478 2798 5516 4397 5766 890 5759 7199 5690 4088 15 54 56 94 816 1217 1375 174 6097 7050 7348 55 534 3385 1016 3948 4111 4831 4832 4912 4913 7578 132 613 775 4110 4994 5074 695 1018 7334 1019 1015 375 538 4106 140 141 216 6719 942 3785 296 1346 2821 3223 5147 69 70 72 156 312 472 1191 1604 2471 3030 6635 224 75 231 1201 4467 4785 7513 6471 383 1437 2631 873 3195 233 2412 2572 5586 6780 7105 2413 2871 304 6789 784 382 2654 5304 5306 226 1129 5384 5387 5386 863 7579 307 1759 6013 872 1448 4714 7045 4902 7127 6699 218 301 3222 4827 703 7339 461 6779 7096 2819 6858 624 7577 976 6945 7183 7344 7581 7272 7584 295 815 1052 1055 381 7342 7516 7102 2657 1694 5614 229 309 1213 1214 7178 7187 2256 2337 2496 1855 1373 2016 5465 7663 7664 2334 6094 5463 7049 7264 6334 6411 2174 5936 6333 1854 7273 5857 313 5294 5459 5618 5458 5376 1997 4710 4792 5029 71 4153 7597 2072 151 5830 3111 6172 2794 3913 4712 7590 2559 318 1996 3430 3670 5511 5675 5113 6711 3997 5521 4238 5194 6405 5435 7198 6400 5034 7591 6320 6091 6489 7611 7346 555 3351 4232 7118 4790 4470 4551 7037 6088 6089 4399 5669 6326 4479 5598 6807 5433 5590 5672 6324 2398 6409 3034 1611 6332 7431 6570 6810 4315 5278 4876 1206 5691 4089 16 175 7054 134 217 293 531 853 2665 2825 6613 377 5228 5229 7656 95 6958 1056 1455 1535 5784 337 894 215 454 857 4672 7175 694 614 1097 3466 1095 1256 1419 3867 1338 211 693 773 1014 5155 854 934 4187 7013 3547 7094 7370 3546 4109 7335 133 5073 3707 455 697 456 1423 2981 5151 7496 7501 378 464 1098 540 617 458 939 1186 3381 545 777 3142 3382 3462 2822 3062 2901 3623 1025 76 305 557 477 797 875 1833 1912 232 798 2549 558 717 877 958 1277 1436 1753 2550 550 1357 1751 1755 2151 1829 3027 5906 5105 7517 298 302 705 709 951 6234 73 626 1514 1517 3833 4073 4466 4628 4864 1528 6307 3597 7126 7208 864 1051 6785 7018 1527 5188 3112 2164 3196 6787 470 1125 3277 3358 4308 5988 2490 2793 5296 6228 551 2415 2577 7104 1126 5305 6948 4903 6014 7182 5462 2092 5379 2251 1370 2576 222 621 782 379 3303 3941 4264 2820 7097 2660 7500 5308 5389 389 6863 7583 297 5230 7495 5311 1135 5312 5391 542 6778 6856 2658 7103 5700 5615 1294 2416 7177 2417 1533 1614 1776 5466 5544 7132 5938 7666 2335 5851 1212 7589 6953 6335 6412 6015 6492 1278 1530 2012 2957 3357 4878 5295 7674 5619 5697 5696 5836 3909 4313 5350 7675 311 789 7586 713 5996 7031 7347 2071 793 5912 4951 3599 5193 7678 714 2953 3912 3588 5114 7510 7197 5432 5523 6401 5522 5589 7425 794 4312 4629 4709 5031 3275 6156 5678 5834 5512 7034 6726 4953 5595 6567 1773 6491 3038 6571 6650 7265 6811 6887 4395 4475 5517 5673 5531 1612 5848 5850 5692 17 339 7135 1092 7413 373 737 977 7573 852 2905 7414 2745 2826 5315 5314 2584 457 2146 5550 1136 1537 1536 5862 6020 1616 2019 5467 5785 418 1134 4346 7498 2823 3064 3144 7014 937 4108 5072 5153 7176 3786 212 3706 4508 3626 4267 4348 4511 4593 3868 7253 1579 451 452 530 611 3949 3628 2985 3788 7012 1254 4268 4914 6692 4429 7651 6452 374 4993 292 7574 696 2983 5071 7417 2982 1099 3464 5152 699 7418 459 858 859 940 941 1101 1102 1179 1181 4017 4026 1177 1180 1258 1259 6056 619 938 778 539 3865 1425 4100 1184 1341 460 3463 2980 3543 2902 615 3143 7415 150 153 230 308 386 466 627 630 779 785 861 868 869 948 1023 1028 1109 1110 1269 1350 1366 1367 1427 1440 1441 1442 1443 1444 1445 1446 1447 1509 1518 1520 1521 1522 1523 1524 1525 1526 1591 1593 1600 1601 1602 1669 1671 1672 1673 1674 1754 1990 2149 2161 2162 2163 2240 2241 2242 2243 2244 2245 2246 2247 2307 2310 2312 2320 2321 2322 2323 2324 2325 2400 2401 2402 2403 2404 2405 2481 2482 2483 2484 2485 2486 2487 2488 2547 2548 2568 2569 2628 2629 2709 2714 2787 2789 2790 2791 2868 2870 2946 2947 2948 2949 2950 2951 2952 3106 3107 3108 3192 3193 3209 3210 3211 3212 3213 3214 3372 3426 3453 3507 3604 3605 3607 3608 3666 3680 3682 3683 3684 3685 3686 3687 3688 3689 3690 3691 3692 3693 3697 3762 3764 3765 3766 3767 3768 3769 3770 3774 3778 3848 3849 3850 3852 3853 3854 3857 3931 3933 3935 3936 3938 3942 4005 4010 4011 4012 4013 4020 4091 4092 4093 4096 4097 4098 4176 4177 4178 4179 4258 4261 4342 4702 4819 4820 4821 4822 4897 4898 4899 4900 4901 4943 4973 4974 4975 4976 4977 4978 4979 5023 5049 5050 5051 5052 5053 5054 5055 5056 5057 5058 5059 5103 5107 5125 5126 5127 5128 5129 5130 5131 5132 5133 5134 5136 5138 5139 5202 5203 5204 5205 5206 5207 5208 5209 5210 5211 5212 5213 5214 5215 5216 5217 5218 5266 5281 5282 5283 5284 5285 5286 5287 5343 5425 5505 5584 5664 5745 5746 5824 5841 5903 5920 5921 5922 5923 5924 5925 5929 5930 5982 5987 5989 6000 6001 6002 6003 6004 6006 6007 6008 6062 6079 6080 6081 6082 6145 6147 6151 6160 6161 6229 6230 6232 6238 6303 6310 6312 6385 6386 6393 6397 6461 6462 6463 6464 6468 6469 6479 6541 6542 6543 6549 6553 6557 6558 6621 6622 6623 6624 6626 6631 6638 6641 6642 6702 6704 6705 6799 6865 6867 6871 6872 6879 7043 7432 7518 306 544 1368 1369 5060 5137 2309 2567 3131 3293 7275 1995 2074 5668 4786 6069 970 4558 2313 2639 1680 1842 5048 1037 1827 1828 1910 2555 4704 5184 6065 1197 1117 1595 1835 1911 5990 6390 3189 1029 1038 2232 2470 6632 1431 7592 6721 1909 3188 6066 2160 3517 5344 6148 7024 3190 3028 5345 1834 6633 384 625 1188 6944 1433 2492 4066 4068 3272 4228 1758 5919 6155 1832 3669 7587 4307 1757 3985 158 5908 6073 6083 7276 2732 7209 1358 6790 6149 2169 5926 6555 463 3429 3908 4387 5997 3907 7025 5927 2414 2493 5222 7340 5383 974 7026 7349 4904 5143 5226 7022 5298 396 5380 5461 5268 6473 4905 5225 397 623 701 7100 7676 618 702 4025 5231 7098 2739 2740 4825 469 2479 7038 3939 616 536 7371 2099 5469 2659 2738 7661 6573 5616 5693 1534 1938 5702 6018 6972 2578 5385 7179 7263 7289 1775 5543 6336 5540 5542 5779 5547 5546 6175 6969 5853 5855 2799 2959 7613 5858 6253 7106 6730 2013 5377 5378 5843 6552 5460 5776 1594 7184 633 3987 4549 871 953 2327 3753 3828 6318 1113 6170 6171 7673 2152 3438 1913 3832 5509 5364 5351 5838 5914 955 1196 3353 4469 7610 6168 3431 4789 6637 6090 3118 3834 6568 6569 5852 7048 7430 6572 6954 6890 7508 5198 5770 6236 1131 1772 1932 1933 5617 5849 18 96 97 1219 7056 420 2906 3067 7654 932 3066 7416 5394 2664 5234 5393 5628 5629 1376 7294 5706 5863 6099 6338 5782 6177 2179 1615 1295 1858 5941 6259 6417 7213 1215 5861 3224 6614 780 5154 2824 2984 6453 7254 4512 7492 855 1173 532 612 4030 7251 692 1171 1172 3388 3870 7332 770 3468 6451 3146 4189 6371 4995 1497 6212 7092 774 3226 3386 4265 3063 7257 3304 6616 3383 3384 4107 7419 860 1585 3947 1343 1746 4940 5180 1108 1506 1584 1742 2224 2783 3120 3121 3201 3526 1100 1266 1583 1666 1744 2064 2069 2383 3022 3023 3041 3122 3280 3360 3361 3362 3363 3364 3440 3441 3443 3445 3924 4016 4749 6057 6136 776 4911 1424 1502 4184 1107 1499 1661 1821 1822 1982 2142 1581 6374 1017 1021 856 1505 4103 4183 6938 4507 6775 3061 4746 5150 5070 5232 3624 5069 7497 1031 1190 1675 4784 6061 6309 710 1027 1351 2150 1349 1428 2229 2633 2712 2869 4896 5124 5504 6005 6465 6466 6798 6873 7112 7196 7277 707 1034 2406 3988 4384 1830 2468 2480 2728 1507 2644 2726 5025 6868 7193 2408 3266 6783 1189 6383 7271 3113 3371 3771 3847 3851 3859 3932 3934 3937 4095 4175 5219 2708 2786 2866 5503 6965 1677 2230 2467 6545 3694 3696 3777 2566 2648 2867 3130 3199 2306 2873 5288 5422 5426 5825 6315 6398 6554 6703 2407 2248 4146 6308 6384 6548 6550 2627 4094 4625 4711 4783 5201 3861 3776 4014 4942 3763 3844 385 388 465 467 786 866 2546 2729 3296 6224 546 547 706 2713 5061 6946 1432 3772 6792 3208 2646 5907 2551 5761 6164 4787 5032 2392 6399 3930 1921 1922 7599 3187 5994 6143 957 5183 2634 5200 6142 2630 3434 3677 3831 3927 4262 6878 5583 2792 3347 3436 1276 2636 6237 5106 6717 3511 5185 4546 1270 4947 4543 6223 6706 7110 790 1831 4344 4624 5904 6313 7343 6476 1603 7668 3752 2788 6063 6477 3750 5362 6643 1430 7667 2874 3348 620 944 3139 4018 4023 3454 2166 2570 1598 6474 1359 2571 6306 6628 5427 5507 6784 2311 3906 4226 2394 7027 236 392 1111 5429 2735 7125 6150 6716 2574 6173 3514 3747 4227 4388 5028 5267 5187 7023 7505 6071 2575 6174 6859 7047 7660 2090 2170 3516 6314 6777 3219 310 700 862 1104 2225 2896 3379 7659 7353 3461 7424 2338 5388 7180 4826 548 3940 7422 7502 7372 7575 2260 5227 6651 1691 2018 2098 2178 2258 2259 2419 5703 6255 6019 2579 5223 7268 5622 5541 5939 7665 5854 2879 2958 7428 6016 6970 7107 7181 6731 2171 3518 5289 3513 637 3354 3509 3827 4070 956 3830 1273 6874 1127 1513 4147 1274 3598 6070 2234 7672 4074 5748 6316 2319 5588 6169 7426 4869 4149 5918 5756 6950 7267 1917 2396 5456 6410 2087 6328 19 177 176 738 978 1137 1942 5633 817 256 1138 419 2986 3308 3227 2744 2904 5472 1939 5707 1296 1456 6100 6339 6418 6577 5864 6179 6974 7134 6734 1696 5624 5781 6021 1617 5783 6735 1216 6017 7053 7655 1503 5313 2583 3145 3225 3306 6454 6853 7494 1096 1175 1176 1335 1337 772 7493 7571 4031 7173 7333 7172 851 1093 5237 3708 3789 7491 6531 7411 3307 4269 6691 5076 1498 3467 6934 3065 3387 4186 4347 7095 3305 3625 6695 1020 6456 7285 1664 1178 6535 1504 1587 1665 1904 2463 3446 2303 1984 5739 5899 5819 5897 3200 1667 2466 3284 1103 4101 6375 3520 5978 1824 3521 1743 2144 3281 3282 3283 3365 3442 5979 1501 3465 6774 4992 6773 6936 3866 4830 7368 1340 1580 1660 1820 1900 2062 4750 5656 6213 6293 1741 2942 1901 2222 2541 2621 2302 3020 6373 1342 3545 936 6855 3704 3622 5068 6860 2715 5983 6478 2388 4944 5264 7039 6630 4345 2469 5423 5826 6162 6222 6467 5109 1991 4544 5347 3373 5665 7670 1429 3346 6379 5022 6380 6619 5829 5999 2710 6154 4865 6157 3591 6381 3775 3773 4823 4980 6556 7021 2228 4744 6300 3698 3843 4015 1588 2389 3025 3609 6551 5743 4782 3109 4703 3695 3845 3846 468 6009 6011 788 865 1510 2813 4985 549 2068 2308 3055 796 3134 4982 4983 1590 1670 3135 3369 3943 2810 5744 1988 1511 950 1271 2632 2649 3029 3132 3133 3370 6875 5142 2565 7116 6163 6561 6563 6644 2795 4314 4002 4087 1923 4172 3427 4867 1679 6876 4545 6072 6144 4157 3928 4559 7595 1515 6959 6396 5986 7117 6718 1592 5985 5585 6064 6387 1748 3186 4180 5263 4866 6388 6301 6231 7185 7357 1989 1516 6722 781 2815 2816 2817 3460 6459 698 4907 4104 7113 3780 3450 870 4148 1035 2409 1678 3990 5762 6786 6629 2326 5992 3271 2391 3267 3749 6226 6960 7270 314 6562 3590 4306 4708 7351 7433 4067 5269 1352 6152 4872 7129 7580 2091 2638 3755 6475 5224 5066 2078 3856 7188 1022 1264 1345 1586 3425 1267 2226 3059 4099 6538 2898 2979 6698 7499 2418 7435 628 708 5309 7657 2340 2662 6812 1693 5537 1374 2177 2339 5859 5860 1856 5780 6413 6888 7051 6096 7128 1937 7130 6493 2252 5928 5290 5291 791 876 1355 5749 3592 4548 1435 6712 1192 1275 1434 3989 7427 4230 5667 4309 4389 7192 2167 4343 5112 3671 5763 6640 6951 6956 2081 2878 5846 2476 5375 6329 6331 6490 98 821 900 1782 1944 178 257 895 1058 1297 1861 1943 2023 7612 5711 7057 1378 421 5316 5235 2020 2100 6101 7214 1779 5787 6576 6656 1859 1698 6496 1777 6415 5625 6260 1697 1778 6098 7293 2663 2743 7015 1662 1578 1255 1257 4509 1416 4753 3147 5157 931 3869 1253 6770 6771 6690 6532 6935 7255 6852 7174 3627 7652 6615 4190 1106 1347 1421 3544 1745 1825 2304 2625 2544 2703 3447 5659 5980 2465 2704 2464 1663 2543 5099 5259 1985 3523 3522 5898 3524 1668 1182 1262 6295 3198 3840 3925 3921 3922 3923 2384 5738 6137 6776 1260 4027 4028 6055 1981 2061 2221 5973 2381 5576 5894 1336 7367 1418 4029 2701 2781 4592 2862 1902 2462 5497 2941 4829 6694 1420 3705 5148 6937 7019 3929 4946 6159 3994 5905 5984 5024 6544 6870 4225 4305 4386 4945 1187 1747 4464 4706 4941 4304 1589 6540 2564 2872 6146 6866 5916 5186 6625 4263 4341 4425 4743 3699 3781 4181 3601 4009 3368 3611 5823 4862 5998 6305 6395 3681 5140 6010 947 4984 2733 2894 3298 1024 2067 3297 3374 716 5062 7588 2731 3136 3449 3458 2652 5346 1750 2070 2730 7046 6302 3129 3295 2811 3053 2650 6795 1756 2390 2711 5135 3026 7044 7356 3116 6391 5995 4505 6715 3668 3191 6707 6559 7186 6317 6546 1749 2231 4465 5424 6634 1676 6078 1183 1185 2066 2895 2976 2897 3220 4987 3782 3783 3946 3945 2250 1268 1752 2165 2410 2491 3748 5381 7421 6067 2954 2716 7109 6884 3508 6240 7671 2956 5110 7269 7423 4424 3031 5457 5145 4541 6058 3700 3024 1344 2977 3140 7337 945 2899 3542 3060 3302 2498 2499 2580 1105 2719 867 1026 6955 2420 2421 2582 2742 5538 5539 1453 1454 1857 2500 2581 6891 6889 2017 2176 6254 7131 5828 3914 4626 4627 3268 3589 5910 6881 3270 4394 6084 6165 6166 715 6885 5270 4468 2168 4260 5292 7033 4393 5437 5847 6330 7614 2105 1060 5951 6028 6187 6582 2025 179 1220 258 422 896 1059 6421 5944 6103 6104 5947 7455 2104 2184 2103 2183 2264 5790 5869 1458 1619 6183 6342 5395 2180 2261 5470 1377 6102 6578 6657 6736 5943 5630 6022 6261 6816 5865 6180 6498 6815 6895 5548 5705 6416 6176 6497 1940 5551 5942 6973 2903 1739 1658 4833 4510 6372 1417 5236 6611 1011 1012 6450 7572 4188 6772 3787 4428 4989 1582 2063 2963 3202 3503 2305 2624 1905 2623 2863 3103 5580 3926 1823 1983 5817 3263 5499 5579 5179 5340 2223 5339 6135 3525 5818 5821 6296 1906 5261 5341 6297 4668 4669 1261 1422 3600 3760 4006 4007 4019 3920 4586 3366 1339 2141 6053 2301 5974 5417 1500 4751 4513 4619 5577 5657 5658 1903 4671 5258 5736 4185 6693 5679 5840 6141 5026 5265 5280 4145 5666 4705 6882 5027 6547 1508 2147 3746 5104 5262 5502 6218 5582 2642 2724 2727 2807 2865 3288 2645 6794 3110 6077 6639 3779 3863 3451 3606 3602 6227 6627 6636 6782 3610 3842 6012 5439 5063 2734 4745 3057 1987 3299 787 2812 7507 2893 5064 3218 4824 4174 6700 3054 3215 2725 3294 2653 2651 5123 6797 3917 3510 5747 6153 6714 7355 2647 3612 3618 4547 2814 3056 3378 2975 3300 5067 6697 3855 4024 4588 6319 2489 3826 3986 5991 2249 6394 6472 3667 5382 4707 7352 4154 5361 7662 4664 5519 6949 7259 6536 2065 4909 2978 3540 3541 2818 704 4427 2900 4182 7266 7512 946 4747 2501 5931 1695 5623 5701 6414 5468 7133 5704 2661 6957 2097 5545 2497 5464 6732 6971 7211 7210 7290 4385 5030 711 5363 3910 5751 5279 4948 5909 7030 5348 5911 6167 1114 1992 5293 6075 4871 6076 5695 5771 2185 2507 6030 6106 6107 6741 818 6979 7377 1945 7058 7059 259 499 502 897 1218 7055 1540 5791 5949 6422 6739 6737 6024 2345 2425 2506 2344 2505 5710 5868 1539 6184 6264 6025 6420 6659 2666 2341 5392 1699 6181 1057 1457 6340 1618 6023 5788 6975 6896 5549 5626 5627 5940 6258 6733 2021 2101 2181 5708 5786 5233 1740 1819 1899 1980 2060 1659 6052 7252 7330 7570 4350 7093 3701 4102 7286 3343 4462 4860 6376 5020 6219 6220 5661 2145 2385 2560 6216 5260 5420 5663 2143 2622 4670 5737 4859 3342 2542 1986 3185 6298 1263 3021 4540 3761 4003 3841 7434 4991 6854 2620 7366 5655 3181 5735 2461 3101 6054 4752 7369 4514 5816 5975 6134 5338 5895 5349 943 1826 2707 4064 4144 2626 4623 4863 5662 6299 6620 7040 6221 6140 2968 3206 6060 2808 2888 3127 3290 3291 2972 3292 5299 5506 6225 3860 3452 3858 3603 6701 7506 3137 3377 4986 2227 6939 6943 3052 3375 3456 6864 4667 4742 7504 3216 5141 2809 3051 4981 5359 6074 7436 2970 3049 5021 3619 3367 4105 4589 4587 6470 2089 2411 5297 6233 6791 1272 5587 7274 7029 6068 7028 4665 3380 3448 3702 3058 3538 4988 6696 3617 3621 6537 3221 5146 3141 5149 7420 6337 6494 6178 7212 6256 6257 2741 7669 6709 6966 949 5827 6883 7108 7036 2393 3428 3829 5508 2024 2265 2426 5793 6108 1139 6344 6740 5950 979 1140 1299 1379 1701 6265 2026 2186 2266 500 582 899 1298 1620 6027 5712 6186 1700 6500 2587 5555 2586 7536 5632 5789 6580 7137 7375 1781 6263 6501 7374 7136 6898 2746 5396 6612 2502 5471 1780 6182 1538 6897 1941 6419 6262 6499 5866 6495 2262 2503 2342 6857 2140 6133 2220 6617 4910 4990 6455 7256 2545 4461 3583 3040 7509 2864 3183 5660 2943 3444 5500 2382 2702 2782 3261 4539 4939 4302 6215 3102 2387 2706 2944 5101 4141 6214 3919 4004 6533 4266 2700 2780 2940 5734 5815 7658 5018 5428 1050 1265 2386 2561 2803 3664 1348 1907 3105 3505 2705 2785 6964 4065 1426 3289 3128 3207 7207 4861 5842 3862 3455 4008 6940 3138 3217 6460 2889 2892 2974 3287 6942 3459 4906 5144 6382 4021 7020 7585 3535 4590 6793 4972 5300 5220 6392 3349 3751 7111 4666 3703 3301 7288 3620 6574 5390 7016 4229 7514 1354 3269 6241 6723 6565 4868 2346 5713 5872 7218 7297 6029 1460 1541 6346 7378 6899 1459 6661 7138 2427 2106 501 6581 6502 7537 6185 6660 7296 7216 5635 5634 2667 2747 5554 6978 6026 5870 5948 5553 1860 5946 6341 6817 7295 6976 2022 2182 7215 6575 6655 2102 2422 4673 5733 5972 6132 2380 2460 7365 3902 3042 5900 2784 2960 5976 3184 3262 3341 3421 3501 3662 5098 5418 5977 3182 3422 5581 4460 6294 4090 4585 6534 3100 4857 5017 5336 4937 2861 5893 5178 1353 2884 6059 2643 2720 2721 2562 2640 2804 2967 3047 3504 3532 3614 3587 3984 6139 1908 2563 2945 3825 4303 5981 6962 7041 4063 3506 7206 3905 2148 3534 6304 3864 3457 3944 3376 6861 2890 2891 4426 3537 3539 6458 5199 6243 4788 6652 6813 6893 7017 5192 4071 2748 2828 5792 7376 6424 1702 6425 6820 6821 6980 6663 6188 1621 6742 7219 2347 1862 6343 6818 7217 5476 2827 5475 6105 6738 5945 6579 6658 6977 2423 2504 2263 6653 2343 5709 5892 6292 2540 5654 4222 3043 3527 6138 6217 4779 3264 7119 4778 5498 3981 3581 3661 4140 3901 5419 3502 3582 3742 7283 7515 7284 6869 5337 3260 5256 5097 4591 3531 6457 6618 2722 3345 2723 2801 3528 2641 2806 4781 2805 2966 4701 3536 3533 5742 5501 3665 4224 5822 6389 7124 6963 3745 6961 5902 4506 2971 2973 5065 6378 6564 6892 7576 5556 5714 5871 7139 6743 6504 6900 7060 6189 6267 6266 6662 6423 6345 1863 2668 2829 3228 2585 2424 6654 5473 7373 6131 2860 5814 7202 3104 4620 5578 7601 4858 4938 5896 3821 4698 4300 4061 3822 3340 4697 5495 5177 7287 5181 4542 2800 2882 3285 2802 3044 3045 3423 4700 3344 3205 3265 2969 3286 3613 7042 7437 3585 3050 6894 5715 7298 6347 6584 6503 6819 7456 6583 5794 5795 5474 6814 5552 7454 3500 7529 7520 7121 4379 4221 4381 3420 3741 4299 5257 5416 5182 2880 2885 3204 3584 4223 2886 2887 5741 3123 3124 3823 4142 3424 4463 3744 3904 3048 3125 3126 3615 7052 5716 5873 5874 6585 5952 5631 7535 3580 3979 7521 4380 7281 4301 4699 4618 3820 4458 5496 4143 2961 3530 2881 2964 2965 3824 5102 3616 3586 6377 5820 4780 7120 7203 4062 3663 5740 4622 7291 7292 5953 7061 5867 3660 4059 4139 7523 4459 7282 7200 5019 3900 4220 4538 5575 3903 4383 2962 2883 3203 3529 3983 7123 5421 7122 4382 3743 5342 3740 4777 4378 4856 4298 7524 7201 3980 7280 6539 3046 6239 7204 5901 3982 4776 4060 4621 7205 4748 5100 

20 980 1142 1221 1300 1783 6268 1622 6744 1061 1380 1461 6822 7457 6426 1946 6505 6664 7538 6823 1141 7220 1542 1703 1864 6901 2027 2107 2267 7299 7141 1784 6427 7140 2187 2669 2588 2508 6506 7379 7615 2750 6033 6031 6032 6110 2589 6349 6665 7616 2830 6034 2670 6111 6109 2749 6112 6428 6587 6666 6745 7619 2910 6035 2751 6193 6190 6270 5875 6113 6191 6271 6507 7539 7062 3071 5797 6114 2831 6194 6269 5876 5954 6272 5877 5955 6195 6273 6348 6196 6274 6586 6197 6275 6355 6198 6276 6356 6277 6357 6278 

21 1302 7063 819 1623 7380 261 820 1301 7221 181 1222 7460 7142 7064 1462 1543 1381 1704 6902 6981 1062 1463 7222 1785 7458 1865 7300 7459 6825 6903 7620 1544 7461 6824 6904 1705 7143 7223 7302 7462 7541 1786 1866 2268 2349 7381 2429 2430 6748 6827 2510 6669 6747 2511 6749 6906 2591 6826 2592 6750 2671 6905 2672 6751 6671 2752 6353 2753 6672 2832 2833 6354 6432 6511 6673 6752 6433 6512 6590 6591 6513 6670 6592 6593 6594 6595 6596 6674 6675 6676 6838 6677 6757 6678 6837 6839 6998 7079 

180 260 822 901 1947 2348 2428 981 739 2509 6351 6350 6430 2590 6509 6589 6429 6668 6352 6508 6431 6588 6667 6746 6510 6192 

22 101 262 903 983 1063 1867 1545 1706 7065 823 2108 2188 7621 1383 1464 6985 7224 1787 2028 6828 741 7540 1303 1624 6983 7144 7145 7383 7303 2350 2269 1625 7463 2431 2512 6908 6829 6830 6907 6831 6909 6910 

99 100 902 1382 982 6982 7301 

103 

340 341 1143 

503 

7617 7618 

1144 

504 

740 

342 

1145 

1223 6984 7382 

